# generated stress profile
# count=2000
hostile=0.0,-6.000,4.400,0.0,2
hostile=0.0,-5.994,4.400,0.0,2
hostile=0.0,-5.988,4.400,0.0,2
hostile=0.0,-5.982,4.400,0.0,2
hostile=0.0,-5.976,4.400,0.0,2
hostile=0.0,-5.970,4.400,0.0,2
hostile=0.0,-5.964,4.400,0.0,2
hostile=0.0,-5.958,4.400,0.0,2
hostile=0.0,-5.952,4.400,0.0,2
hostile=0.0,-5.946,4.400,0.0,2
hostile=0.0,-5.940,4.400,0.0,2
hostile=0.0,-5.934,4.400,0.0,2
hostile=0.0,-5.928,4.400,0.0,2
hostile=0.0,-5.922,4.400,0.0,2
hostile=0.0,-5.916,4.400,0.0,2
hostile=0.0,-5.910,4.400,0.0,2
hostile=0.0,-5.904,4.400,0.0,2
hostile=0.0,-5.898,4.400,0.0,2
hostile=0.0,-5.892,4.400,0.0,2
hostile=0.0,-5.886,4.400,0.0,2
hostile=0.0,-5.880,4.400,0.0,2
hostile=0.0,-5.874,4.400,0.0,2
hostile=0.0,-5.868,4.400,0.0,2
hostile=0.0,-5.862,4.400,0.0,2
hostile=0.0,-5.856,4.400,0.0,2
hostile=0.0,-5.850,4.400,0.0,2
hostile=0.0,-5.844,4.400,0.0,2
hostile=0.0,-5.838,4.400,0.0,2
hostile=0.0,-5.832,4.400,0.0,2
hostile=0.0,-5.826,4.400,0.0,2
hostile=0.0,-5.820,4.400,0.0,2
hostile=0.0,-5.814,4.400,0.0,2
hostile=0.0,-5.808,4.400,0.0,2
hostile=0.0,-5.802,4.400,0.0,2
hostile=0.0,-5.796,4.400,0.0,2
hostile=0.0,-5.790,4.400,0.0,2
hostile=0.0,-5.784,4.400,0.0,2
hostile=0.0,-5.778,4.400,0.0,2
hostile=0.0,-5.772,4.400,0.0,2
hostile=0.0,-5.766,4.400,0.0,2
hostile=0.0,-5.760,4.400,0.0,2
hostile=0.0,-5.754,4.400,0.0,2
hostile=0.0,-5.748,4.400,0.0,2
hostile=0.0,-5.742,4.400,0.0,2
hostile=0.0,-5.736,4.400,0.0,2
hostile=0.0,-5.730,4.400,0.0,2
hostile=0.0,-5.724,4.400,0.0,2
hostile=0.0,-5.718,4.400,0.0,2
hostile=0.0,-5.712,4.400,0.0,2
hostile=0.0,-5.706,4.400,0.0,2
hostile=0.0,-5.700,4.400,0.0,2
hostile=0.0,-5.694,4.400,0.0,2
hostile=0.0,-5.688,4.400,0.0,2
hostile=0.0,-5.682,4.400,0.0,2
hostile=0.0,-5.676,4.400,0.0,2
hostile=0.0,-5.670,4.400,0.0,2
hostile=0.0,-5.664,4.400,0.0,2
hostile=0.0,-5.658,4.400,0.0,2
hostile=0.0,-5.652,4.400,0.0,2
hostile=0.0,-5.646,4.400,0.0,2
hostile=0.0,-5.640,4.400,0.0,2
hostile=0.0,-5.634,4.400,0.0,2
hostile=0.0,-5.628,4.400,0.0,2
hostile=0.0,-5.622,4.400,0.0,2
hostile=0.0,-5.616,4.400,0.0,2
hostile=0.0,-5.610,4.400,0.0,2
hostile=0.0,-5.604,4.400,0.0,2
hostile=0.0,-5.598,4.400,0.0,2
hostile=0.0,-5.592,4.400,0.0,2
hostile=0.0,-5.586,4.400,0.0,2
hostile=0.0,-5.580,4.400,0.0,2
hostile=0.0,-5.574,4.400,0.0,2
hostile=0.0,-5.568,4.400,0.0,2
hostile=0.0,-5.562,4.400,0.0,2
hostile=0.0,-5.556,4.400,0.0,2
hostile=0.0,-5.550,4.400,0.0,2
hostile=0.0,-5.544,4.400,0.0,2
hostile=0.0,-5.538,4.400,0.0,2
hostile=0.0,-5.532,4.400,0.0,2
hostile=0.0,-5.526,4.400,0.0,2
hostile=0.0,-5.520,4.400,0.0,2
hostile=0.0,-5.514,4.400,0.0,2
hostile=0.0,-5.508,4.400,0.0,2
hostile=0.0,-5.502,4.400,0.0,2
hostile=0.0,-5.496,4.400,0.0,2
hostile=0.0,-5.490,4.400,0.0,2
hostile=0.0,-5.484,4.400,0.0,2
hostile=0.0,-5.478,4.400,0.0,2
hostile=0.0,-5.472,4.400,0.0,2
hostile=0.0,-5.466,4.400,0.0,2
hostile=0.0,-5.460,4.400,0.0,2
hostile=0.0,-5.454,4.400,0.0,2
hostile=0.0,-5.448,4.400,0.0,2
hostile=0.0,-5.442,4.400,0.0,2
hostile=0.0,-5.436,4.400,0.0,2
hostile=0.0,-5.430,4.400,0.0,2
hostile=0.0,-5.424,4.400,0.0,2
hostile=0.0,-5.418,4.400,0.0,2
hostile=0.0,-5.412,4.400,0.0,2
hostile=0.0,-5.406,4.400,0.0,2
hostile=0.0,-5.400,4.400,0.0,2
hostile=0.0,-5.394,4.400,0.0,2
hostile=0.0,-5.388,4.400,0.0,2
hostile=0.0,-5.382,4.400,0.0,2
hostile=0.0,-5.376,4.400,0.0,2
hostile=0.0,-5.370,4.400,0.0,2
hostile=0.0,-5.364,4.400,0.0,2
hostile=0.0,-5.358,4.400,0.0,2
hostile=0.0,-5.352,4.400,0.0,2
hostile=0.0,-5.346,4.400,0.0,2
hostile=0.0,-5.340,4.400,0.0,2
hostile=0.0,-5.334,4.400,0.0,2
hostile=0.0,-5.328,4.400,0.0,2
hostile=0.0,-5.322,4.400,0.0,2
hostile=0.0,-5.316,4.400,0.0,2
hostile=0.0,-5.310,4.400,0.0,2
hostile=0.0,-5.304,4.400,0.0,2
hostile=0.0,-5.298,4.400,0.0,2
hostile=0.0,-5.292,4.400,0.0,2
hostile=0.0,-5.286,4.400,0.0,2
hostile=0.0,-5.280,4.400,0.0,2
hostile=0.0,-5.274,4.400,0.0,2
hostile=0.0,-5.268,4.400,0.0,2
hostile=0.0,-5.262,4.400,0.0,2
hostile=0.0,-5.256,4.400,0.0,2
hostile=0.0,-5.250,4.400,0.0,2
hostile=0.0,-5.244,4.400,0.0,2
hostile=0.0,-5.238,4.400,0.0,2
hostile=0.0,-5.232,4.400,0.0,2
hostile=0.0,-5.226,4.400,0.0,2
hostile=0.0,-5.220,4.400,0.0,2
hostile=0.0,-5.214,4.400,0.0,2
hostile=0.0,-5.208,4.400,0.0,2
hostile=0.0,-5.202,4.400,0.0,2
hostile=0.0,-5.196,4.400,0.0,2
hostile=0.0,-5.190,4.400,0.0,2
hostile=0.0,-5.184,4.400,0.0,2
hostile=0.0,-5.178,4.400,0.0,2
hostile=0.0,-5.172,4.400,0.0,2
hostile=0.0,-5.166,4.400,0.0,2
hostile=0.0,-5.160,4.400,0.0,2
hostile=0.0,-5.154,4.400,0.0,2
hostile=0.0,-5.148,4.400,0.0,2
hostile=0.0,-5.142,4.400,0.0,2
hostile=0.0,-5.136,4.400,0.0,2
hostile=0.0,-5.130,4.400,0.0,2
hostile=0.0,-5.124,4.400,0.0,2
hostile=0.0,-5.118,4.400,0.0,2
hostile=0.0,-5.112,4.400,0.0,2
hostile=0.0,-5.106,4.400,0.0,2
hostile=0.0,-5.100,4.400,0.0,2
hostile=0.0,-5.094,4.400,0.0,2
hostile=0.0,-5.088,4.400,0.0,2
hostile=0.0,-5.082,4.400,0.0,2
hostile=0.0,-5.076,4.400,0.0,2
hostile=0.0,-5.070,4.400,0.0,2
hostile=0.0,-5.064,4.400,0.0,2
hostile=0.0,-5.058,4.400,0.0,2
hostile=0.0,-5.052,4.400,0.0,2
hostile=0.0,-5.046,4.400,0.0,2
hostile=0.0,-5.040,4.400,0.0,2
hostile=0.0,-5.034,4.400,0.0,2
hostile=0.0,-5.028,4.400,0.0,2
hostile=0.0,-5.022,4.400,0.0,2
hostile=0.0,-5.016,4.400,0.0,2
hostile=0.0,-5.010,4.400,0.0,2
hostile=0.0,-5.004,4.400,0.0,2
hostile=0.0,-4.997,4.400,0.0,2
hostile=0.0,-4.991,4.400,0.0,2
hostile=0.0,-4.985,4.400,0.0,2
hostile=0.0,-4.979,4.400,0.0,2
hostile=0.0,-4.973,4.400,0.0,2
hostile=0.0,-4.967,4.400,0.0,2
hostile=0.0,-4.961,4.400,0.0,2
hostile=0.0,-4.955,4.400,0.0,2
hostile=0.0,-4.949,4.400,0.0,2
hostile=0.0,-4.943,4.400,0.0,2
hostile=0.0,-4.937,4.400,0.0,2
hostile=0.0,-4.931,4.400,0.0,2
hostile=0.0,-4.925,4.400,0.0,2
hostile=0.0,-4.919,4.400,0.0,2
hostile=0.0,-4.913,4.400,0.0,2
hostile=0.0,-4.907,4.400,0.0,2
hostile=0.0,-4.901,4.400,0.0,2
hostile=0.0,-4.895,4.400,0.0,2
hostile=0.0,-4.889,4.400,0.0,2
hostile=0.0,-4.883,4.400,0.0,2
hostile=0.0,-4.877,4.400,0.0,2
hostile=0.0,-4.871,4.400,0.0,2
hostile=0.0,-4.865,4.400,0.0,2
hostile=0.0,-4.859,4.400,0.0,2
hostile=0.0,-4.853,4.400,0.0,2
hostile=0.0,-4.847,4.400,0.0,2
hostile=0.0,-4.841,4.400,0.0,2
hostile=0.0,-4.835,4.400,0.0,2
hostile=0.0,-4.829,4.400,0.0,2
hostile=0.0,-4.823,4.400,0.0,2
hostile=0.0,-4.817,4.400,0.0,2
hostile=0.0,-4.811,4.400,0.0,2
hostile=0.0,-4.805,4.400,0.0,2
hostile=0.0,-4.799,4.400,0.0,2
hostile=0.0,-4.793,4.400,0.0,2
hostile=0.0,-4.787,4.400,0.0,2
hostile=0.0,-4.781,4.400,0.0,2
hostile=0.0,-4.775,4.400,0.0,2
hostile=0.0,-4.769,4.400,0.0,2
hostile=0.0,-4.763,4.400,0.0,2
hostile=0.0,-4.757,4.400,0.0,2
hostile=0.0,-4.751,4.400,0.0,2
hostile=0.0,-4.745,4.400,0.0,2
hostile=0.0,-4.739,4.400,0.0,2
hostile=0.0,-4.733,4.400,0.0,2
hostile=0.0,-4.727,4.400,0.0,2
hostile=0.0,-4.721,4.400,0.0,2
hostile=0.0,-4.715,4.400,0.0,2
hostile=0.0,-4.709,4.400,0.0,2
hostile=0.0,-4.703,4.400,0.0,2
hostile=0.0,-4.697,4.400,0.0,2
hostile=0.0,-4.691,4.400,0.0,2
hostile=0.0,-4.685,4.400,0.0,2
hostile=0.0,-4.679,4.400,0.0,2
hostile=0.0,-4.673,4.400,0.0,2
hostile=0.0,-4.667,4.400,0.0,2
hostile=0.0,-4.661,4.400,0.0,2
hostile=0.0,-4.655,4.400,0.0,2
hostile=0.0,-4.649,4.400,0.0,2
hostile=0.0,-4.643,4.400,0.0,2
hostile=0.0,-4.637,4.400,0.0,2
hostile=0.0,-4.631,4.400,0.0,2
hostile=0.0,-4.625,4.400,0.0,2
hostile=0.0,-4.619,4.400,0.0,2
hostile=0.0,-4.613,4.400,0.0,2
hostile=0.0,-4.607,4.400,0.0,2
hostile=0.0,-4.601,4.400,0.0,2
hostile=0.0,-4.595,4.400,0.0,2
hostile=0.0,-4.589,4.400,0.0,2
hostile=0.0,-4.583,4.400,0.0,2
hostile=0.0,-4.577,4.400,0.0,2
hostile=0.0,-4.571,4.400,0.0,2
hostile=0.0,-4.565,4.400,0.0,2
hostile=0.0,-4.559,4.400,0.0,2
hostile=0.0,-4.553,4.400,0.0,2
hostile=0.0,-4.547,4.400,0.0,2
hostile=0.0,-4.541,4.400,0.0,2
hostile=0.0,-4.535,4.400,0.0,2
hostile=0.0,-4.529,4.400,0.0,2
hostile=0.0,-4.523,4.400,0.0,2
hostile=0.0,-4.517,4.400,0.0,2
hostile=0.0,-4.511,4.400,0.0,2
hostile=0.0,-4.505,4.400,0.0,2
hostile=0.0,-4.499,4.400,0.0,2
hostile=0.0,-4.493,4.400,0.0,2
hostile=0.0,-4.487,4.400,0.0,2
hostile=0.0,-4.481,4.400,0.0,2
hostile=0.0,-4.475,4.400,0.0,2
hostile=0.0,-4.469,4.400,0.0,2
hostile=0.0,-4.463,4.400,0.0,2
hostile=0.0,-4.457,4.400,0.0,2
hostile=0.0,-4.451,4.400,0.0,2
hostile=0.0,-4.445,4.400,0.0,2
hostile=0.0,-4.439,4.400,0.0,2
hostile=0.0,-4.433,4.400,0.0,2
hostile=0.0,-4.427,4.400,0.0,2
hostile=0.0,-4.421,4.400,0.0,2
hostile=0.0,-4.415,4.400,0.0,2
hostile=0.0,-4.409,4.400,0.0,2
hostile=0.0,-4.403,4.400,0.0,2
hostile=0.0,-4.397,4.400,0.0,2
hostile=0.0,-4.391,4.400,0.0,2
hostile=0.0,-4.385,4.400,0.0,2
hostile=0.0,-4.379,4.400,0.0,2
hostile=0.0,-4.373,4.400,0.0,2
hostile=0.0,-4.367,4.400,0.0,2
hostile=0.0,-4.361,4.400,0.0,2
hostile=0.0,-4.355,4.400,0.0,2
hostile=0.0,-4.349,4.400,0.0,2
hostile=0.0,-4.343,4.400,0.0,2
hostile=0.0,-4.337,4.400,0.0,2
hostile=0.0,-4.331,4.400,0.0,2
hostile=0.0,-4.325,4.400,0.0,2
hostile=0.0,-4.319,4.400,0.0,2
hostile=0.0,-4.313,4.400,0.0,2
hostile=0.0,-4.307,4.400,0.0,2
hostile=0.0,-4.301,4.400,0.0,2
hostile=0.0,-4.295,4.400,0.0,2
hostile=0.0,-4.289,4.400,0.0,2
hostile=0.0,-4.283,4.400,0.0,2
hostile=0.0,-4.277,4.400,0.0,2
hostile=0.0,-4.271,4.400,0.0,2
hostile=0.0,-4.265,4.400,0.0,2
hostile=0.0,-4.259,4.400,0.0,2
hostile=0.0,-4.253,4.400,0.0,2
hostile=0.0,-4.247,4.400,0.0,2
hostile=0.0,-4.241,4.400,0.0,2
hostile=0.0,-4.235,4.400,0.0,2
hostile=0.0,-4.229,4.400,0.0,2
hostile=0.0,-4.223,4.400,0.0,2
hostile=0.0,-4.217,4.400,0.0,2
hostile=0.0,-4.211,4.400,0.0,2
hostile=0.0,-4.205,4.400,0.0,2
hostile=0.0,-4.199,4.400,0.0,2
hostile=0.0,-4.193,4.400,0.0,2
hostile=0.0,-4.187,4.400,0.0,2
hostile=0.0,-4.181,4.400,0.0,2
hostile=0.0,-4.175,4.400,0.0,2
hostile=0.0,-4.169,4.400,0.0,2
hostile=0.0,-4.163,4.400,0.0,2
hostile=0.0,-4.157,4.400,0.0,2
hostile=0.0,-4.151,4.400,0.0,2
hostile=0.0,-4.145,4.400,0.0,2
hostile=0.0,-4.139,4.400,0.0,2
hostile=0.0,-4.133,4.400,0.0,2
hostile=0.0,-4.127,4.400,0.0,2
hostile=0.0,-4.121,4.400,0.0,2
hostile=0.0,-4.115,4.400,0.0,2
hostile=0.0,-4.109,4.400,0.0,2
hostile=0.0,-4.103,4.400,0.0,2
hostile=0.0,-4.097,4.400,0.0,2
hostile=0.0,-4.091,4.400,0.0,2
hostile=0.0,-4.085,4.400,0.0,2
hostile=0.0,-4.079,4.400,0.0,2
hostile=0.0,-4.073,4.400,0.0,2
hostile=0.0,-4.067,4.400,0.0,2
hostile=0.0,-4.061,4.400,0.0,2
hostile=0.0,-4.055,4.400,0.0,2
hostile=0.0,-4.049,4.400,0.0,2
hostile=0.0,-4.043,4.400,0.0,2
hostile=0.0,-4.037,4.400,0.0,2
hostile=0.0,-4.031,4.400,0.0,2
hostile=0.0,-4.025,4.400,0.0,2
hostile=0.0,-4.019,4.400,0.0,2
hostile=0.0,-4.013,4.400,0.0,2
hostile=0.0,-4.007,4.400,0.0,2
hostile=0.0,-4.001,4.400,0.0,2
hostile=0.0,-3.995,4.400,0.0,2
hostile=0.0,-3.989,4.400,0.0,2
hostile=0.0,-3.983,4.400,0.0,2
hostile=0.0,-3.977,4.400,0.0,2
hostile=0.0,-3.971,4.400,0.0,2
hostile=0.0,-3.965,4.400,0.0,2
hostile=0.0,-3.959,4.400,0.0,2
hostile=0.0,-3.953,4.400,0.0,2
hostile=0.0,-3.947,4.400,0.0,2
hostile=0.0,-3.941,4.400,0.0,2
hostile=0.0,-3.935,4.400,0.0,2
hostile=0.0,-3.929,4.400,0.0,2
hostile=0.0,-3.923,4.400,0.0,2
hostile=0.0,-3.917,4.400,0.0,2
hostile=0.0,-3.911,4.400,0.0,2
hostile=0.0,-3.905,4.400,0.0,2
hostile=0.0,-3.899,4.400,0.0,2
hostile=0.0,-3.893,4.400,0.0,2
hostile=0.0,-3.887,4.400,0.0,2
hostile=0.0,-3.881,4.400,0.0,2
hostile=0.0,-3.875,4.400,0.0,2
hostile=0.0,-3.869,4.400,0.0,2
hostile=0.0,-3.863,4.400,0.0,2
hostile=0.0,-3.857,4.400,0.0,2
hostile=0.0,-3.851,4.400,0.0,2
hostile=0.0,-3.845,4.400,0.0,2
hostile=0.0,-3.839,4.400,0.0,2
hostile=0.0,-3.833,4.400,0.0,2
hostile=0.0,-3.827,4.400,0.0,2
hostile=0.0,-3.821,4.400,0.0,2
hostile=0.0,-3.815,4.400,0.0,2
hostile=0.0,-3.809,4.400,0.0,2
hostile=0.0,-3.803,4.400,0.0,2
hostile=0.0,-3.797,4.400,0.0,2
hostile=0.0,-3.791,4.400,0.0,2
hostile=0.0,-3.785,4.400,0.0,2
hostile=0.0,-3.779,4.400,0.0,2
hostile=0.0,-3.773,4.400,0.0,2
hostile=0.0,-3.767,4.400,0.0,2
hostile=0.0,-3.761,4.400,0.0,2
hostile=0.0,-3.755,4.400,0.0,2
hostile=0.0,-3.749,4.400,0.0,2
hostile=0.0,-3.743,4.400,0.0,2
hostile=0.0,-3.737,4.400,0.0,2
hostile=0.0,-3.731,4.400,0.0,2
hostile=0.0,-3.725,4.400,0.0,2
hostile=0.0,-3.719,4.400,0.0,2
hostile=0.0,-3.713,4.400,0.0,2
hostile=0.0,-3.707,4.400,0.0,2
hostile=0.0,-3.701,4.400,0.0,2
hostile=0.0,-3.695,4.400,0.0,2
hostile=0.0,-3.689,4.400,0.0,2
hostile=0.0,-3.683,4.400,0.0,2
hostile=0.0,-3.677,4.400,0.0,2
hostile=0.0,-3.671,4.400,0.0,2
hostile=0.0,-3.665,4.400,0.0,2
hostile=0.0,-3.659,4.400,0.0,2
hostile=0.0,-3.653,4.400,0.0,2
hostile=0.0,-3.647,4.400,0.0,2
hostile=0.0,-3.641,4.400,0.0,2
hostile=0.0,-3.635,4.400,0.0,2
hostile=0.0,-3.629,4.400,0.0,2
hostile=0.0,-3.623,4.400,0.0,2
hostile=0.0,-3.617,4.400,0.0,2
hostile=0.0,-3.611,4.400,0.0,2
hostile=0.0,-3.605,4.400,0.0,2
hostile=0.0,-3.599,4.400,0.0,2
hostile=0.0,-3.593,4.400,0.0,2
hostile=0.0,-3.587,4.400,0.0,2
hostile=0.0,-3.581,4.400,0.0,2
hostile=0.0,-3.575,4.400,0.0,2
hostile=0.0,-3.569,4.400,0.0,2
hostile=0.0,-3.563,4.400,0.0,2
hostile=0.0,-3.557,4.400,0.0,2
hostile=0.0,-3.551,4.400,0.0,2
hostile=0.0,-3.545,4.400,0.0,2
hostile=0.0,-3.539,4.400,0.0,2
hostile=0.0,-3.533,4.400,0.0,2
hostile=0.0,-3.527,4.400,0.0,2
hostile=0.0,-3.521,4.400,0.0,2
hostile=0.0,-3.515,4.400,0.0,2
hostile=0.0,-3.509,4.400,0.0,2
hostile=0.0,-3.503,4.400,0.0,2
hostile=0.0,-3.497,4.400,0.0,2
hostile=0.0,-3.491,4.400,0.0,2
hostile=0.0,-3.485,4.400,0.0,2
hostile=0.0,-3.479,4.400,0.0,2
hostile=0.0,-3.473,4.400,0.0,2
hostile=0.0,-3.467,4.400,0.0,2
hostile=0.0,-3.461,4.400,0.0,2
hostile=0.0,-3.455,4.400,0.0,2
hostile=0.0,-3.449,4.400,0.0,2
hostile=0.0,-3.443,4.400,0.0,2
hostile=0.0,-3.437,4.400,0.0,2
hostile=0.0,-3.431,4.400,0.0,2
hostile=0.0,-3.425,4.400,0.0,2
hostile=0.0,-3.419,4.400,0.0,2
hostile=0.0,-3.413,4.400,0.0,2
hostile=0.0,-3.407,4.400,0.0,2
hostile=0.0,-3.401,4.400,0.0,2
hostile=0.0,-3.395,4.400,0.0,2
hostile=0.0,-3.389,4.400,0.0,2
hostile=0.0,-3.383,4.400,0.0,2
hostile=0.0,-3.377,4.400,0.0,2
hostile=0.0,-3.371,4.400,0.0,2
hostile=0.0,-3.365,4.400,0.0,2
hostile=0.0,-3.359,4.400,0.0,2
hostile=0.0,-3.353,4.400,0.0,2
hostile=0.0,-3.347,4.400,0.0,2
hostile=0.0,-3.341,4.400,0.0,2
hostile=0.0,-3.335,4.400,0.0,2
hostile=0.0,-3.329,4.400,0.0,2
hostile=0.0,-3.323,4.400,0.0,2
hostile=0.0,-3.317,4.400,0.0,2
hostile=0.0,-3.311,4.400,0.0,2
hostile=0.0,-3.305,4.400,0.0,2
hostile=0.0,-3.299,4.400,0.0,2
hostile=0.0,-3.293,4.400,0.0,2
hostile=0.0,-3.287,4.400,0.0,2
hostile=0.0,-3.281,4.400,0.0,2
hostile=0.0,-3.275,4.400,0.0,2
hostile=0.0,-3.269,4.400,0.0,2
hostile=0.0,-3.263,4.400,0.0,2
hostile=0.0,-3.257,4.400,0.0,2
hostile=0.0,-3.251,4.400,0.0,2
hostile=0.0,-3.245,4.400,0.0,2
hostile=0.0,-3.239,4.400,0.0,2
hostile=0.0,-3.233,4.400,0.0,2
hostile=0.0,-3.227,4.400,0.0,2
hostile=0.0,-3.221,4.400,0.0,2
hostile=0.0,-3.215,4.400,0.0,2
hostile=0.0,-3.209,4.400,0.0,2
hostile=0.0,-3.203,4.400,0.0,2
hostile=0.0,-3.197,4.400,0.0,2
hostile=0.0,-3.191,4.400,0.0,2
hostile=0.0,-3.185,4.400,0.0,2
hostile=0.0,-3.179,4.400,0.0,2
hostile=0.0,-3.173,4.400,0.0,2
hostile=0.0,-3.167,4.400,0.0,2
hostile=0.0,-3.161,4.400,0.0,2
hostile=0.0,-3.155,4.400,0.0,2
hostile=0.0,-3.149,4.400,0.0,2
hostile=0.0,-3.143,4.400,0.0,2
hostile=0.0,-3.137,4.400,0.0,2
hostile=0.0,-3.131,4.400,0.0,2
hostile=0.0,-3.125,4.400,0.0,2
hostile=0.0,-3.119,4.400,0.0,2
hostile=0.0,-3.113,4.400,0.0,2
hostile=0.0,-3.107,4.400,0.0,2
hostile=0.0,-3.101,4.400,0.0,2
hostile=0.0,-3.095,4.400,0.0,2
hostile=0.0,-3.089,4.400,0.0,2
hostile=0.0,-3.083,4.400,0.0,2
hostile=0.0,-3.077,4.400,0.0,2
hostile=0.0,-3.071,4.400,0.0,2
hostile=0.0,-3.065,4.400,0.0,2
hostile=0.0,-3.059,4.400,0.0,2
hostile=0.0,-3.053,4.400,0.0,2
hostile=0.0,-3.047,4.400,0.0,2
hostile=0.0,-3.041,4.400,0.0,2
hostile=0.0,-3.035,4.400,0.0,2
hostile=0.0,-3.029,4.400,0.0,2
hostile=0.0,-3.023,4.400,0.0,2
hostile=0.0,-3.017,4.400,0.0,2
hostile=0.0,-3.011,4.400,0.0,2
hostile=0.0,-3.005,4.400,0.0,2
hostile=0.0,-2.998,4.400,0.0,2
hostile=0.0,-2.992,4.400,0.0,2
hostile=0.0,-2.986,4.400,0.0,2
hostile=0.0,-2.980,4.400,0.0,2
hostile=0.0,-2.974,4.400,0.0,2
hostile=0.0,-2.968,4.400,0.0,2
hostile=0.0,-2.962,4.400,0.0,2
hostile=0.0,-2.956,4.400,0.0,2
hostile=0.0,-2.950,4.400,0.0,2
hostile=0.0,-2.944,4.400,0.0,2
hostile=0.0,-2.938,4.400,0.0,2
hostile=0.0,-2.932,4.400,0.0,2
hostile=0.0,-2.926,4.400,0.0,2
hostile=0.0,-2.920,4.400,0.0,2
hostile=0.0,-2.914,4.400,0.0,2
hostile=0.0,-2.908,4.400,0.0,2
hostile=0.0,-2.902,4.400,0.0,2
hostile=0.0,-2.896,4.400,0.0,2
hostile=0.0,-2.890,4.400,0.0,2
hostile=0.0,-2.884,4.400,0.0,2
hostile=0.0,-2.878,4.400,0.0,2
hostile=0.0,-2.872,4.400,0.0,2
hostile=0.0,-2.866,4.400,0.0,2
hostile=0.0,-2.860,4.400,0.0,2
hostile=0.0,-2.854,4.400,0.0,2
hostile=0.0,-2.848,4.400,0.0,2
hostile=0.0,-2.842,4.400,0.0,2
hostile=0.0,-2.836,4.400,0.0,2
hostile=0.0,-2.830,4.400,0.0,2
hostile=0.0,-2.824,4.400,0.0,2
hostile=0.0,-2.818,4.400,0.0,2
hostile=0.0,-2.812,4.400,0.0,2
hostile=0.0,-2.806,4.400,0.0,2
hostile=0.0,-2.800,4.400,0.0,2
hostile=0.0,-2.794,4.400,0.0,2
hostile=0.0,-2.788,4.400,0.0,2
hostile=0.0,-2.782,4.400,0.0,2
hostile=0.0,-2.776,4.400,0.0,2
hostile=0.0,-2.770,4.400,0.0,2
hostile=0.0,-2.764,4.400,0.0,2
hostile=0.0,-2.758,4.400,0.0,2
hostile=0.0,-2.752,4.400,0.0,2
hostile=0.0,-2.746,4.400,0.0,2
hostile=0.0,-2.740,4.400,0.0,2
hostile=0.0,-2.734,4.400,0.0,2
hostile=0.0,-2.728,4.400,0.0,2
hostile=0.0,-2.722,4.400,0.0,2
hostile=0.0,-2.716,4.400,0.0,2
hostile=0.0,-2.710,4.400,0.0,2
hostile=0.0,-2.704,4.400,0.0,2
hostile=0.0,-2.698,4.400,0.0,2
hostile=0.0,-2.692,4.400,0.0,2
hostile=0.0,-2.686,4.400,0.0,2
hostile=0.0,-2.680,4.400,0.0,2
hostile=0.0,-2.674,4.400,0.0,2
hostile=0.0,-2.668,4.400,0.0,2
hostile=0.0,-2.662,4.400,0.0,2
hostile=0.0,-2.656,4.400,0.0,2
hostile=0.0,-2.650,4.400,0.0,2
hostile=0.0,-2.644,4.400,0.0,2
hostile=0.0,-2.638,4.400,0.0,2
hostile=0.0,-2.632,4.400,0.0,2
hostile=0.0,-2.626,4.400,0.0,2
hostile=0.0,-2.620,4.400,0.0,2
hostile=0.0,-2.614,4.400,0.0,2
hostile=0.0,-2.608,4.400,0.0,2
hostile=0.0,-2.602,4.400,0.0,2
hostile=0.0,-2.596,4.400,0.0,2
hostile=0.0,-2.590,4.400,0.0,2
hostile=0.0,-2.584,4.400,0.0,2
hostile=0.0,-2.578,4.400,0.0,2
hostile=0.0,-2.572,4.400,0.0,2
hostile=0.0,-2.566,4.400,0.0,2
hostile=0.0,-2.560,4.400,0.0,2
hostile=0.0,-2.554,4.400,0.0,2
hostile=0.0,-2.548,4.400,0.0,2
hostile=0.0,-2.542,4.400,0.0,2
hostile=0.0,-2.536,4.400,0.0,2
hostile=0.0,-2.530,4.400,0.0,2
hostile=0.0,-2.524,4.400,0.0,2
hostile=0.0,-2.518,4.400,0.0,2
hostile=0.0,-2.512,4.400,0.0,2
hostile=0.0,-2.506,4.400,0.0,2
hostile=0.0,-2.500,4.400,0.0,2
hostile=0.0,-2.494,4.400,0.0,2
hostile=0.0,-2.488,4.400,0.0,2
hostile=0.0,-2.482,4.400,0.0,2
hostile=0.0,-2.476,4.400,0.0,2
hostile=0.0,-2.470,4.400,0.0,2
hostile=0.0,-2.464,4.400,0.0,2
hostile=0.0,-2.458,4.400,0.0,2
hostile=0.0,-2.452,4.400,0.0,2
hostile=0.0,-2.446,4.400,0.0,2
hostile=0.0,-2.440,4.400,0.0,2
hostile=0.0,-2.434,4.400,0.0,2
hostile=0.0,-2.428,4.400,0.0,2
hostile=0.0,-2.422,4.400,0.0,2
hostile=0.0,-2.416,4.400,0.0,2
hostile=0.0,-2.410,4.400,0.0,2
hostile=0.0,-2.404,4.400,0.0,2
hostile=0.0,-2.398,4.400,0.0,2
hostile=0.0,-2.392,4.400,0.0,2
hostile=0.0,-2.386,4.400,0.0,2
hostile=0.0,-2.380,4.400,0.0,2
hostile=0.0,-2.374,4.400,0.0,2
hostile=0.0,-2.368,4.400,0.0,2
hostile=0.0,-2.362,4.400,0.0,2
hostile=0.0,-2.356,4.400,0.0,2
hostile=0.0,-2.350,4.400,0.0,2
hostile=0.0,-2.344,4.400,0.0,2
hostile=0.0,-2.338,4.400,0.0,2
hostile=0.0,-2.332,4.400,0.0,2
hostile=0.0,-2.326,4.400,0.0,2
hostile=0.0,-2.320,4.400,0.0,2
hostile=0.0,-2.314,4.400,0.0,2
hostile=0.0,-2.308,4.400,0.0,2
hostile=0.0,-2.302,4.400,0.0,2
hostile=0.0,-2.296,4.400,0.0,2
hostile=0.0,-2.290,4.400,0.0,2
hostile=0.0,-2.284,4.400,0.0,2
hostile=0.0,-2.278,4.400,0.0,2
hostile=0.0,-2.272,4.400,0.0,2
hostile=0.0,-2.266,4.400,0.0,2
hostile=0.0,-2.260,4.400,0.0,2
hostile=0.0,-2.254,4.400,0.0,2
hostile=0.0,-2.248,4.400,0.0,2
hostile=0.0,-2.242,4.400,0.0,2
hostile=0.0,-2.236,4.400,0.0,2
hostile=0.0,-2.230,4.400,0.0,2
hostile=0.0,-2.224,4.400,0.0,2
hostile=0.0,-2.218,4.400,0.0,2
hostile=0.0,-2.212,4.400,0.0,2
hostile=0.0,-2.206,4.400,0.0,2
hostile=0.0,-2.200,4.400,0.0,2
hostile=0.0,-2.194,4.400,0.0,2
hostile=0.0,-2.188,4.400,0.0,2
hostile=0.0,-2.182,4.400,0.0,2
hostile=0.0,-2.176,4.400,0.0,2
hostile=0.0,-2.170,4.400,0.0,2
hostile=0.0,-2.164,4.400,0.0,2
hostile=0.0,-2.158,4.400,0.0,2
hostile=0.0,-2.152,4.400,0.0,2
hostile=0.0,-2.146,4.400,0.0,2
hostile=0.0,-2.140,4.400,0.0,2
hostile=0.0,-2.134,4.400,0.0,2
hostile=0.0,-2.128,4.400,0.0,2
hostile=0.0,-2.122,4.400,0.0,2
hostile=0.0,-2.116,4.400,0.0,2
hostile=0.0,-2.110,4.400,0.0,2
hostile=0.0,-2.104,4.400,0.0,2
hostile=0.0,-2.098,4.400,0.0,2
hostile=0.0,-2.092,4.400,0.0,2
hostile=0.0,-2.086,4.400,0.0,2
hostile=0.0,-2.080,4.400,0.0,2
hostile=0.0,-2.074,4.400,0.0,2
hostile=0.0,-2.068,4.400,0.0,2
hostile=0.0,-2.062,4.400,0.0,2
hostile=0.0,-2.056,4.400,0.0,2
hostile=0.0,-2.050,4.400,0.0,2
hostile=0.0,-2.044,4.400,0.0,2
hostile=0.0,-2.038,4.400,0.0,2
hostile=0.0,-2.032,4.400,0.0,2
hostile=0.0,-2.026,4.400,0.0,2
hostile=0.0,-2.020,4.400,0.0,2
hostile=0.0,-2.014,4.400,0.0,2
hostile=0.0,-2.008,4.400,0.0,2
hostile=0.0,-2.002,4.400,0.0,2
hostile=0.0,-1.996,4.400,0.0,2
hostile=0.0,-1.990,4.400,0.0,2
hostile=0.0,-1.984,4.400,0.0,2
hostile=0.0,-1.978,4.400,0.0,2
hostile=0.0,-1.972,4.400,0.0,2
hostile=0.0,-1.966,4.400,0.0,2
hostile=0.0,-1.960,4.400,0.0,2
hostile=0.0,-1.954,4.400,0.0,2
hostile=0.0,-1.948,4.400,0.0,2
hostile=0.0,-1.942,4.400,0.0,2
hostile=0.0,-1.936,4.400,0.0,2
hostile=0.0,-1.930,4.400,0.0,2
hostile=0.0,-1.924,4.400,0.0,2
hostile=0.0,-1.918,4.400,0.0,2
hostile=0.0,-1.912,4.400,0.0,2
hostile=0.0,-1.906,4.400,0.0,2
hostile=0.0,-1.900,4.400,0.0,2
hostile=0.0,-1.894,4.400,0.0,2
hostile=0.0,-1.888,4.400,0.0,2
hostile=0.0,-1.882,4.400,0.0,2
hostile=0.0,-1.876,4.400,0.0,2
hostile=0.0,-1.870,4.400,0.0,2
hostile=0.0,-1.864,4.400,0.0,2
hostile=0.0,-1.858,4.400,0.0,2
hostile=0.0,-1.852,4.400,0.0,2
hostile=0.0,-1.846,4.400,0.0,2
hostile=0.0,-1.840,4.400,0.0,2
hostile=0.0,-1.834,4.400,0.0,2
hostile=0.0,-1.828,4.400,0.0,2
hostile=0.0,-1.822,4.400,0.0,2
hostile=0.0,-1.816,4.400,0.0,2
hostile=0.0,-1.810,4.400,0.0,2
hostile=0.0,-1.804,4.400,0.0,2
hostile=0.0,-1.798,4.400,0.0,2
hostile=0.0,-1.792,4.400,0.0,2
hostile=0.0,-1.786,4.400,0.0,2
hostile=0.0,-1.780,4.400,0.0,2
hostile=0.0,-1.774,4.400,0.0,2
hostile=0.0,-1.768,4.400,0.0,2
hostile=0.0,-1.762,4.400,0.0,2
hostile=0.0,-1.756,4.400,0.0,2
hostile=0.0,-1.750,4.400,0.0,2
hostile=0.0,-1.744,4.400,0.0,2
hostile=0.0,-1.738,4.400,0.0,2
hostile=0.0,-1.732,4.400,0.0,2
hostile=0.0,-1.726,4.400,0.0,2
hostile=0.0,-1.720,4.400,0.0,2
hostile=0.0,-1.714,4.400,0.0,2
hostile=0.0,-1.708,4.400,0.0,2
hostile=0.0,-1.702,4.400,0.0,2
hostile=0.0,-1.696,4.400,0.0,2
hostile=0.0,-1.690,4.400,0.0,2
hostile=0.0,-1.684,4.400,0.0,2
hostile=0.0,-1.678,4.400,0.0,2
hostile=0.0,-1.672,4.400,0.0,2
hostile=0.0,-1.666,4.400,0.0,2
hostile=0.0,-1.660,4.400,0.0,2
hostile=0.0,-1.654,4.400,0.0,2
hostile=0.0,-1.648,4.400,0.0,2
hostile=0.0,-1.642,4.400,0.0,2
hostile=0.0,-1.636,4.400,0.0,2
hostile=0.0,-1.630,4.400,0.0,2
hostile=0.0,-1.624,4.400,0.0,2
hostile=0.0,-1.618,4.400,0.0,2
hostile=0.0,-1.612,4.400,0.0,2
hostile=0.0,-1.606,4.400,0.0,2
hostile=0.0,-1.600,4.400,0.0,2
hostile=0.0,-1.594,4.400,0.0,2
hostile=0.0,-1.588,4.400,0.0,2
hostile=0.0,-1.582,4.400,0.0,2
hostile=0.0,-1.576,4.400,0.0,2
hostile=0.0,-1.570,4.400,0.0,2
hostile=0.0,-1.564,4.400,0.0,2
hostile=0.0,-1.558,4.400,0.0,2
hostile=0.0,-1.552,4.400,0.0,2
hostile=0.0,-1.546,4.400,0.0,2
hostile=0.0,-1.540,4.400,0.0,2
hostile=0.0,-1.534,4.400,0.0,2
hostile=0.0,-1.528,4.400,0.0,2
hostile=0.0,-1.522,4.400,0.0,2
hostile=0.0,-1.516,4.400,0.0,2
hostile=0.0,-1.510,4.400,0.0,2
hostile=0.0,-1.504,4.400,0.0,2
hostile=0.0,-1.498,4.400,0.0,2
hostile=0.0,-1.492,4.400,0.0,2
hostile=0.0,-1.486,4.400,0.0,2
hostile=0.0,-1.480,4.400,0.0,2
hostile=0.0,-1.474,4.400,0.0,2
hostile=0.0,-1.468,4.400,0.0,2
hostile=0.0,-1.462,4.400,0.0,2
hostile=0.0,-1.456,4.400,0.0,2
hostile=0.0,-1.450,4.400,0.0,2
hostile=0.0,-1.444,4.400,0.0,2
hostile=0.0,-1.438,4.400,0.0,2
hostile=0.0,-1.432,4.400,0.0,2
hostile=0.0,-1.426,4.400,0.0,2
hostile=0.0,-1.420,4.400,0.0,2
hostile=0.0,-1.414,4.400,0.0,2
hostile=0.0,-1.408,4.400,0.0,2
hostile=0.0,-1.402,4.400,0.0,2
hostile=0.0,-1.396,4.400,0.0,2
hostile=0.0,-1.390,4.400,0.0,2
hostile=0.0,-1.384,4.400,0.0,2
hostile=0.0,-1.378,4.400,0.0,2
hostile=0.0,-1.372,4.400,0.0,2
hostile=0.0,-1.366,4.400,0.0,2
hostile=0.0,-1.360,4.400,0.0,2
hostile=0.0,-1.354,4.400,0.0,2
hostile=0.0,-1.348,4.400,0.0,2
hostile=0.0,-1.342,4.400,0.0,2
hostile=0.0,-1.336,4.400,0.0,2
hostile=0.0,-1.330,4.400,0.0,2
hostile=0.0,-1.324,4.400,0.0,2
hostile=0.0,-1.318,4.400,0.0,2
hostile=0.0,-1.312,4.400,0.0,2
hostile=0.0,-1.306,4.400,0.0,2
hostile=0.0,-1.300,4.400,0.0,2
hostile=0.0,-1.294,4.400,0.0,2
hostile=0.0,-1.288,4.400,0.0,2
hostile=0.0,-1.282,4.400,0.0,2
hostile=0.0,-1.276,4.400,0.0,2
hostile=0.0,-1.270,4.400,0.0,2
hostile=0.0,-1.264,4.400,0.0,2
hostile=0.0,-1.258,4.400,0.0,2
hostile=0.0,-1.252,4.400,0.0,2
hostile=0.0,-1.246,4.400,0.0,2
hostile=0.0,-1.240,4.400,0.0,2
hostile=0.0,-1.234,4.400,0.0,2
hostile=0.0,-1.228,4.400,0.0,2
hostile=0.0,-1.222,4.400,0.0,2
hostile=0.0,-1.216,4.400,0.0,2
hostile=0.0,-1.210,4.400,0.0,2
hostile=0.0,-1.204,4.400,0.0,2
hostile=0.0,-1.198,4.400,0.0,2
hostile=0.0,-1.192,4.400,0.0,2
hostile=0.0,-1.186,4.400,0.0,2
hostile=0.0,-1.180,4.400,0.0,2
hostile=0.0,-1.174,4.400,0.0,2
hostile=0.0,-1.168,4.400,0.0,2
hostile=0.0,-1.162,4.400,0.0,2
hostile=0.0,-1.156,4.400,0.0,2
hostile=0.0,-1.150,4.400,0.0,2
hostile=0.0,-1.144,4.400,0.0,2
hostile=0.0,-1.138,4.400,0.0,2
hostile=0.0,-1.132,4.400,0.0,2
hostile=0.0,-1.126,4.400,0.0,2
hostile=0.0,-1.120,4.400,0.0,2
hostile=0.0,-1.114,4.400,0.0,2
hostile=0.0,-1.108,4.400,0.0,2
hostile=0.0,-1.102,4.400,0.0,2
hostile=0.0,-1.096,4.400,0.0,2
hostile=0.0,-1.090,4.400,0.0,2
hostile=0.0,-1.084,4.400,0.0,2
hostile=0.0,-1.078,4.400,0.0,2
hostile=0.0,-1.072,4.400,0.0,2
hostile=0.0,-1.066,4.400,0.0,2
hostile=0.0,-1.060,4.400,0.0,2
hostile=0.0,-1.054,4.400,0.0,2
hostile=0.0,-1.048,4.400,0.0,2
hostile=0.0,-1.042,4.400,0.0,2
hostile=0.0,-1.036,4.400,0.0,2
hostile=0.0,-1.030,4.400,0.0,2
hostile=0.0,-1.024,4.400,0.0,2
hostile=0.0,-1.018,4.400,0.0,2
hostile=0.0,-1.012,4.400,0.0,2
hostile=0.0,-1.006,4.400,0.0,2
hostile=0.0,-0.999,4.400,0.0,2
hostile=0.0,-0.993,4.400,0.0,2
hostile=0.0,-0.987,4.400,0.0,2
hostile=0.0,-0.981,4.400,0.0,2
hostile=0.0,-0.975,4.400,0.0,2
hostile=0.0,-0.969,4.400,0.0,2
hostile=0.0,-0.963,4.400,0.0,2
hostile=0.0,-0.957,4.400,0.0,2
hostile=0.0,-0.951,4.400,0.0,2
hostile=0.0,-0.945,4.400,0.0,2
hostile=0.0,-0.939,4.400,0.0,2
hostile=0.0,-0.933,4.400,0.0,2
hostile=0.0,-0.927,4.400,0.0,2
hostile=0.0,-0.921,4.400,0.0,2
hostile=0.0,-0.915,4.400,0.0,2
hostile=0.0,-0.909,4.400,0.0,2
hostile=0.0,-0.903,4.400,0.0,2
hostile=0.0,-0.897,4.400,0.0,2
hostile=0.0,-0.891,4.400,0.0,2
hostile=0.0,-0.885,4.400,0.0,2
hostile=0.0,-0.879,4.400,0.0,2
hostile=0.0,-0.873,4.400,0.0,2
hostile=0.0,-0.867,4.400,0.0,2
hostile=0.0,-0.861,4.400,0.0,2
hostile=0.0,-0.855,4.400,0.0,2
hostile=0.0,-0.849,4.400,0.0,2
hostile=0.0,-0.843,4.400,0.0,2
hostile=0.0,-0.837,4.400,0.0,2
hostile=0.0,-0.831,4.400,0.0,2
hostile=0.0,-0.825,4.400,0.0,2
hostile=0.0,-0.819,4.400,0.0,2
hostile=0.0,-0.813,4.400,0.0,2
hostile=0.0,-0.807,4.400,0.0,2
hostile=0.0,-0.801,4.400,0.0,2
hostile=0.0,-0.795,4.400,0.0,2
hostile=0.0,-0.789,4.400,0.0,2
hostile=0.0,-0.783,4.400,0.0,2
hostile=0.0,-0.777,4.400,0.0,2
hostile=0.0,-0.771,4.400,0.0,2
hostile=0.0,-0.765,4.400,0.0,2
hostile=0.0,-0.759,4.400,0.0,2
hostile=0.0,-0.753,4.400,0.0,2
hostile=0.0,-0.747,4.400,0.0,2
hostile=0.0,-0.741,4.400,0.0,2
hostile=0.0,-0.735,4.400,0.0,2
hostile=0.0,-0.729,4.400,0.0,2
hostile=0.0,-0.723,4.400,0.0,2
hostile=0.0,-0.717,4.400,0.0,2
hostile=0.0,-0.711,4.400,0.0,2
hostile=0.0,-0.705,4.400,0.0,2
hostile=0.0,-0.699,4.400,0.0,2
hostile=0.0,-0.693,4.400,0.0,2
hostile=0.0,-0.687,4.400,0.0,2
hostile=0.0,-0.681,4.400,0.0,2
hostile=0.0,-0.675,4.400,0.0,2
hostile=0.0,-0.669,4.400,0.0,2
hostile=0.0,-0.663,4.400,0.0,2
hostile=0.0,-0.657,4.400,0.0,2
hostile=0.0,-0.651,4.400,0.0,2
hostile=0.0,-0.645,4.400,0.0,2
hostile=0.0,-0.639,4.400,0.0,2
hostile=0.0,-0.633,4.400,0.0,2
hostile=0.0,-0.627,4.400,0.0,2
hostile=0.0,-0.621,4.400,0.0,2
hostile=0.0,-0.615,4.400,0.0,2
hostile=0.0,-0.609,4.400,0.0,2
hostile=0.0,-0.603,4.400,0.0,2
hostile=0.0,-0.597,4.400,0.0,2
hostile=0.0,-0.591,4.400,0.0,2
hostile=0.0,-0.585,4.400,0.0,2
hostile=0.0,-0.579,4.400,0.0,2
hostile=0.0,-0.573,4.400,0.0,2
hostile=0.0,-0.567,4.400,0.0,2
hostile=0.0,-0.561,4.400,0.0,2
hostile=0.0,-0.555,4.400,0.0,2
hostile=0.0,-0.549,4.400,0.0,2
hostile=0.0,-0.543,4.400,0.0,2
hostile=0.0,-0.537,4.400,0.0,2
hostile=0.0,-0.531,4.400,0.0,2
hostile=0.0,-0.525,4.400,0.0,2
hostile=0.0,-0.519,4.400,0.0,2
hostile=0.0,-0.513,4.400,0.0,2
hostile=0.0,-0.507,4.400,0.0,2
hostile=0.0,-0.501,4.400,0.0,2
hostile=0.0,-0.495,4.400,0.0,2
hostile=0.0,-0.489,4.400,0.0,2
hostile=0.0,-0.483,4.400,0.0,2
hostile=0.0,-0.477,4.400,0.0,2
hostile=0.0,-0.471,4.400,0.0,2
hostile=0.0,-0.465,4.400,0.0,2
hostile=0.0,-0.459,4.400,0.0,2
hostile=0.0,-0.453,4.400,0.0,2
hostile=0.0,-0.447,4.400,0.0,2
hostile=0.0,-0.441,4.400,0.0,2
hostile=0.0,-0.435,4.400,0.0,2
hostile=0.0,-0.429,4.400,0.0,2
hostile=0.0,-0.423,4.400,0.0,2
hostile=0.0,-0.417,4.400,0.0,2
hostile=0.0,-0.411,4.400,0.0,2
hostile=0.0,-0.405,4.400,0.0,2
hostile=0.0,-0.399,4.400,0.0,2
hostile=0.0,-0.393,4.400,0.0,2
hostile=0.0,-0.387,4.400,0.0,2
hostile=0.0,-0.381,4.400,0.0,2
hostile=0.0,-0.375,4.400,0.0,2
hostile=0.0,-0.369,4.400,0.0,2
hostile=0.0,-0.363,4.400,0.0,2
hostile=0.0,-0.357,4.400,0.0,2
hostile=0.0,-0.351,4.400,0.0,2
hostile=0.0,-0.345,4.400,0.0,2
hostile=0.0,-0.339,4.400,0.0,2
hostile=0.0,-0.333,4.400,0.0,2
hostile=0.0,-0.327,4.400,0.0,2
hostile=0.0,-0.321,4.400,0.0,2
hostile=0.0,-0.315,4.400,0.0,2
hostile=0.0,-0.309,4.400,0.0,2
hostile=0.0,-0.303,4.400,0.0,2
hostile=0.0,-0.297,4.400,0.0,2
hostile=0.0,-0.291,4.400,0.0,2
hostile=0.0,-0.285,4.400,0.0,2
hostile=0.0,-0.279,4.400,0.0,2
hostile=0.0,-0.273,4.400,0.0,2
hostile=0.0,-0.267,4.400,0.0,2
hostile=0.0,-0.261,4.400,0.0,2
hostile=0.0,-0.255,4.400,0.0,2
hostile=0.0,-0.249,4.400,0.0,2
hostile=0.0,-0.243,4.400,0.0,2
hostile=0.0,-0.237,4.400,0.0,2
hostile=0.0,-0.231,4.400,0.0,2
hostile=0.0,-0.225,4.400,0.0,2
hostile=0.0,-0.219,4.400,0.0,2
hostile=0.0,-0.213,4.400,0.0,2
hostile=0.0,-0.207,4.400,0.0,2
hostile=0.0,-0.201,4.400,0.0,2
hostile=0.0,-0.195,4.400,0.0,2
hostile=0.0,-0.189,4.400,0.0,2
hostile=0.0,-0.183,4.400,0.0,2
hostile=0.0,-0.177,4.400,0.0,2
hostile=0.0,-0.171,4.400,0.0,2
hostile=0.0,-0.165,4.400,0.0,2
hostile=0.0,-0.159,4.400,0.0,2
hostile=0.0,-0.153,4.400,0.0,2
hostile=0.0,-0.147,4.400,0.0,2
hostile=0.0,-0.141,4.400,0.0,2
hostile=0.0,-0.135,4.400,0.0,2
hostile=0.0,-0.129,4.400,0.0,2
hostile=0.0,-0.123,4.400,0.0,2
hostile=0.0,-0.117,4.400,0.0,2
hostile=0.0,-0.111,4.400,0.0,2
hostile=0.0,-0.105,4.400,0.0,2
hostile=0.0,-0.099,4.400,0.0,2
hostile=0.0,-0.093,4.400,0.0,2
hostile=0.0,-0.087,4.400,0.0,2
hostile=0.0,-0.081,4.400,0.0,2
hostile=0.0,-0.075,4.400,0.0,2
hostile=0.0,-0.069,4.400,0.0,2
hostile=0.0,-0.063,4.400,0.0,2
hostile=0.0,-0.057,4.400,0.0,2
hostile=0.0,-0.051,4.400,0.0,2
hostile=0.0,-0.045,4.400,0.0,2
hostile=0.0,-0.039,4.400,0.0,2
hostile=0.0,-0.033,4.400,0.0,2
hostile=0.0,-0.027,4.400,0.0,2
hostile=0.0,-0.021,4.400,0.0,2
hostile=0.0,-0.015,4.400,0.0,2
hostile=0.0,-0.009,4.400,0.0,2
hostile=0.0,-0.003,4.400,0.0,2
hostile=0.0,0.003,4.400,0.0,2
hostile=0.0,0.009,4.400,0.0,2
hostile=0.0,0.015,4.400,0.0,2
hostile=0.0,0.021,4.400,0.0,2
hostile=0.0,0.027,4.400,0.0,2
hostile=0.0,0.033,4.400,0.0,2
hostile=0.0,0.039,4.400,0.0,2
hostile=0.0,0.045,4.400,0.0,2
hostile=0.0,0.051,4.400,0.0,2
hostile=0.0,0.057,4.400,0.0,2
hostile=0.0,0.063,4.400,0.0,2
hostile=0.0,0.069,4.400,0.0,2
hostile=0.0,0.075,4.400,0.0,2
hostile=0.0,0.081,4.400,0.0,2
hostile=0.0,0.087,4.400,0.0,2
hostile=0.0,0.093,4.400,0.0,2
hostile=0.0,0.099,4.400,0.0,2
hostile=0.0,0.105,4.400,0.0,2
hostile=0.0,0.111,4.400,0.0,2
hostile=0.0,0.117,4.400,0.0,2
hostile=0.0,0.123,4.400,0.0,2
hostile=0.0,0.129,4.400,0.0,2
hostile=0.0,0.135,4.400,0.0,2
hostile=0.0,0.141,4.400,0.0,2
hostile=0.0,0.147,4.400,0.0,2
hostile=0.0,0.153,4.400,0.0,2
hostile=0.0,0.159,4.400,0.0,2
hostile=0.0,0.165,4.400,0.0,2
hostile=0.0,0.171,4.400,0.0,2
hostile=0.0,0.177,4.400,0.0,2
hostile=0.0,0.183,4.400,0.0,2
hostile=0.0,0.189,4.400,0.0,2
hostile=0.0,0.195,4.400,0.0,2
hostile=0.0,0.201,4.400,0.0,2
hostile=0.0,0.207,4.400,0.0,2
hostile=0.0,0.213,4.400,0.0,2
hostile=0.0,0.219,4.400,0.0,2
hostile=0.0,0.225,4.400,0.0,2
hostile=0.0,0.231,4.400,0.0,2
hostile=0.0,0.237,4.400,0.0,2
hostile=0.0,0.243,4.400,0.0,2
hostile=0.0,0.249,4.400,0.0,2
hostile=0.0,0.255,4.400,0.0,2
hostile=0.0,0.261,4.400,0.0,2
hostile=0.0,0.267,4.400,0.0,2
hostile=0.0,0.273,4.400,0.0,2
hostile=0.0,0.279,4.400,0.0,2
hostile=0.0,0.285,4.400,0.0,2
hostile=0.0,0.291,4.400,0.0,2
hostile=0.0,0.297,4.400,0.0,2
hostile=0.0,0.303,4.400,0.0,2
hostile=0.0,0.309,4.400,0.0,2
hostile=0.0,0.315,4.400,0.0,2
hostile=0.0,0.321,4.400,0.0,2
hostile=0.0,0.327,4.400,0.0,2
hostile=0.0,0.333,4.400,0.0,2
hostile=0.0,0.339,4.400,0.0,2
hostile=0.0,0.345,4.400,0.0,2
hostile=0.0,0.351,4.400,0.0,2
hostile=0.0,0.357,4.400,0.0,2
hostile=0.0,0.363,4.400,0.0,2
hostile=0.0,0.369,4.400,0.0,2
hostile=0.0,0.375,4.400,0.0,2
hostile=0.0,0.381,4.400,0.0,2
hostile=0.0,0.387,4.400,0.0,2
hostile=0.0,0.393,4.400,0.0,2
hostile=0.0,0.399,4.400,0.0,2
hostile=0.0,0.405,4.400,0.0,2
hostile=0.0,0.411,4.400,0.0,2
hostile=0.0,0.417,4.400,0.0,2
hostile=0.0,0.423,4.400,0.0,2
hostile=0.0,0.429,4.400,0.0,2
hostile=0.0,0.435,4.400,0.0,2
hostile=0.0,0.441,4.400,0.0,2
hostile=0.0,0.447,4.400,0.0,2
hostile=0.0,0.453,4.400,0.0,2
hostile=0.0,0.459,4.400,0.0,2
hostile=0.0,0.465,4.400,0.0,2
hostile=0.0,0.471,4.400,0.0,2
hostile=0.0,0.477,4.400,0.0,2
hostile=0.0,0.483,4.400,0.0,2
hostile=0.0,0.489,4.400,0.0,2
hostile=0.0,0.495,4.400,0.0,2
hostile=0.0,0.501,4.400,0.0,2
hostile=0.0,0.507,4.400,0.0,2
hostile=0.0,0.513,4.400,0.0,2
hostile=0.0,0.519,4.400,0.0,2
hostile=0.0,0.525,4.400,0.0,2
hostile=0.0,0.531,4.400,0.0,2
hostile=0.0,0.537,4.400,0.0,2
hostile=0.0,0.543,4.400,0.0,2
hostile=0.0,0.549,4.400,0.0,2
hostile=0.0,0.555,4.400,0.0,2
hostile=0.0,0.561,4.400,0.0,2
hostile=0.0,0.567,4.400,0.0,2
hostile=0.0,0.573,4.400,0.0,2
hostile=0.0,0.579,4.400,0.0,2
hostile=0.0,0.585,4.400,0.0,2
hostile=0.0,0.591,4.400,0.0,2
hostile=0.0,0.597,4.400,0.0,2
hostile=0.0,0.603,4.400,0.0,2
hostile=0.0,0.609,4.400,0.0,2
hostile=0.0,0.615,4.400,0.0,2
hostile=0.0,0.621,4.400,0.0,2
hostile=0.0,0.627,4.400,0.0,2
hostile=0.0,0.633,4.400,0.0,2
hostile=0.0,0.639,4.400,0.0,2
hostile=0.0,0.645,4.400,0.0,2
hostile=0.0,0.651,4.400,0.0,2
hostile=0.0,0.657,4.400,0.0,2
hostile=0.0,0.663,4.400,0.0,2
hostile=0.0,0.669,4.400,0.0,2
hostile=0.0,0.675,4.400,0.0,2
hostile=0.0,0.681,4.400,0.0,2
hostile=0.0,0.687,4.400,0.0,2
hostile=0.0,0.693,4.400,0.0,2
hostile=0.0,0.699,4.400,0.0,2
hostile=0.0,0.705,4.400,0.0,2
hostile=0.0,0.711,4.400,0.0,2
hostile=0.0,0.717,4.400,0.0,2
hostile=0.0,0.723,4.400,0.0,2
hostile=0.0,0.729,4.400,0.0,2
hostile=0.0,0.735,4.400,0.0,2
hostile=0.0,0.741,4.400,0.0,2
hostile=0.0,0.747,4.400,0.0,2
hostile=0.0,0.753,4.400,0.0,2
hostile=0.0,0.759,4.400,0.0,2
hostile=0.0,0.765,4.400,0.0,2
hostile=0.0,0.771,4.400,0.0,2
hostile=0.0,0.777,4.400,0.0,2
hostile=0.0,0.783,4.400,0.0,2
hostile=0.0,0.789,4.400,0.0,2
hostile=0.0,0.795,4.400,0.0,2
hostile=0.0,0.801,4.400,0.0,2
hostile=0.0,0.807,4.400,0.0,2
hostile=0.0,0.813,4.400,0.0,2
hostile=0.0,0.819,4.400,0.0,2
hostile=0.0,0.825,4.400,0.0,2
hostile=0.0,0.831,4.400,0.0,2
hostile=0.0,0.837,4.400,0.0,2
hostile=0.0,0.843,4.400,0.0,2
hostile=0.0,0.849,4.400,0.0,2
hostile=0.0,0.855,4.400,0.0,2
hostile=0.0,0.861,4.400,0.0,2
hostile=0.0,0.867,4.400,0.0,2
hostile=0.0,0.873,4.400,0.0,2
hostile=0.0,0.879,4.400,0.0,2
hostile=0.0,0.885,4.400,0.0,2
hostile=0.0,0.891,4.400,0.0,2
hostile=0.0,0.897,4.400,0.0,2
hostile=0.0,0.903,4.400,0.0,2
hostile=0.0,0.909,4.400,0.0,2
hostile=0.0,0.915,4.400,0.0,2
hostile=0.0,0.921,4.400,0.0,2
hostile=0.0,0.927,4.400,0.0,2
hostile=0.0,0.933,4.400,0.0,2
hostile=0.0,0.939,4.400,0.0,2
hostile=0.0,0.945,4.400,0.0,2
hostile=0.0,0.951,4.400,0.0,2
hostile=0.0,0.957,4.400,0.0,2
hostile=0.0,0.963,4.400,0.0,2
hostile=0.0,0.969,4.400,0.0,2
hostile=0.0,0.975,4.400,0.0,2
hostile=0.0,0.981,4.400,0.0,2
hostile=0.0,0.987,4.400,0.0,2
hostile=0.0,0.993,4.400,0.0,2
hostile=0.0,0.999,4.400,0.0,2
hostile=0.0,1.006,4.400,0.0,2
hostile=0.0,1.012,4.400,0.0,2
hostile=0.0,1.018,4.400,0.0,2
hostile=0.0,1.024,4.400,0.0,2
hostile=0.0,1.030,4.400,0.0,2
hostile=0.0,1.036,4.400,0.0,2
hostile=0.0,1.042,4.400,0.0,2
hostile=0.0,1.048,4.400,0.0,2
hostile=0.0,1.054,4.400,0.0,2
hostile=0.0,1.060,4.400,0.0,2
hostile=0.0,1.066,4.400,0.0,2
hostile=0.0,1.072,4.400,0.0,2
hostile=0.0,1.078,4.400,0.0,2
hostile=0.0,1.084,4.400,0.0,2
hostile=0.0,1.090,4.400,0.0,2
hostile=0.0,1.096,4.400,0.0,2
hostile=0.0,1.102,4.400,0.0,2
hostile=0.0,1.108,4.400,0.0,2
hostile=0.0,1.114,4.400,0.0,2
hostile=0.0,1.120,4.400,0.0,2
hostile=0.0,1.126,4.400,0.0,2
hostile=0.0,1.132,4.400,0.0,2
hostile=0.0,1.138,4.400,0.0,2
hostile=0.0,1.144,4.400,0.0,2
hostile=0.0,1.150,4.400,0.0,2
hostile=0.0,1.156,4.400,0.0,2
hostile=0.0,1.162,4.400,0.0,2
hostile=0.0,1.168,4.400,0.0,2
hostile=0.0,1.174,4.400,0.0,2
hostile=0.0,1.180,4.400,0.0,2
hostile=0.0,1.186,4.400,0.0,2
hostile=0.0,1.192,4.400,0.0,2
hostile=0.0,1.198,4.400,0.0,2
hostile=0.0,1.204,4.400,0.0,2
hostile=0.0,1.210,4.400,0.0,2
hostile=0.0,1.216,4.400,0.0,2
hostile=0.0,1.222,4.400,0.0,2
hostile=0.0,1.228,4.400,0.0,2
hostile=0.0,1.234,4.400,0.0,2
hostile=0.0,1.240,4.400,0.0,2
hostile=0.0,1.246,4.400,0.0,2
hostile=0.0,1.252,4.400,0.0,2
hostile=0.0,1.258,4.400,0.0,2
hostile=0.0,1.264,4.400,0.0,2
hostile=0.0,1.270,4.400,0.0,2
hostile=0.0,1.276,4.400,0.0,2
hostile=0.0,1.282,4.400,0.0,2
hostile=0.0,1.288,4.400,0.0,2
hostile=0.0,1.294,4.400,0.0,2
hostile=0.0,1.300,4.400,0.0,2
hostile=0.0,1.306,4.400,0.0,2
hostile=0.0,1.312,4.400,0.0,2
hostile=0.0,1.318,4.400,0.0,2
hostile=0.0,1.324,4.400,0.0,2
hostile=0.0,1.330,4.400,0.0,2
hostile=0.0,1.336,4.400,0.0,2
hostile=0.0,1.342,4.400,0.0,2
hostile=0.0,1.348,4.400,0.0,2
hostile=0.0,1.354,4.400,0.0,2
hostile=0.0,1.360,4.400,0.0,2
hostile=0.0,1.366,4.400,0.0,2
hostile=0.0,1.372,4.400,0.0,2
hostile=0.0,1.378,4.400,0.0,2
hostile=0.0,1.384,4.400,0.0,2
hostile=0.0,1.390,4.400,0.0,2
hostile=0.0,1.396,4.400,0.0,2
hostile=0.0,1.402,4.400,0.0,2
hostile=0.0,1.408,4.400,0.0,2
hostile=0.0,1.414,4.400,0.0,2
hostile=0.0,1.420,4.400,0.0,2
hostile=0.0,1.426,4.400,0.0,2
hostile=0.0,1.432,4.400,0.0,2
hostile=0.0,1.438,4.400,0.0,2
hostile=0.0,1.444,4.400,0.0,2
hostile=0.0,1.450,4.400,0.0,2
hostile=0.0,1.456,4.400,0.0,2
hostile=0.0,1.462,4.400,0.0,2
hostile=0.0,1.468,4.400,0.0,2
hostile=0.0,1.474,4.400,0.0,2
hostile=0.0,1.480,4.400,0.0,2
hostile=0.0,1.486,4.400,0.0,2
hostile=0.0,1.492,4.400,0.0,2
hostile=0.0,1.498,4.400,0.0,2
hostile=0.0,1.504,4.400,0.0,2
hostile=0.0,1.510,4.400,0.0,2
hostile=0.0,1.516,4.400,0.0,2
hostile=0.0,1.522,4.400,0.0,2
hostile=0.0,1.528,4.400,0.0,2
hostile=0.0,1.534,4.400,0.0,2
hostile=0.0,1.540,4.400,0.0,2
hostile=0.0,1.546,4.400,0.0,2
hostile=0.0,1.552,4.400,0.0,2
hostile=0.0,1.558,4.400,0.0,2
hostile=0.0,1.564,4.400,0.0,2
hostile=0.0,1.570,4.400,0.0,2
hostile=0.0,1.576,4.400,0.0,2
hostile=0.0,1.582,4.400,0.0,2
hostile=0.0,1.588,4.400,0.0,2
hostile=0.0,1.594,4.400,0.0,2
hostile=0.0,1.600,4.400,0.0,2
hostile=0.0,1.606,4.400,0.0,2
hostile=0.0,1.612,4.400,0.0,2
hostile=0.0,1.618,4.400,0.0,2
hostile=0.0,1.624,4.400,0.0,2
hostile=0.0,1.630,4.400,0.0,2
hostile=0.0,1.636,4.400,0.0,2
hostile=0.0,1.642,4.400,0.0,2
hostile=0.0,1.648,4.400,0.0,2
hostile=0.0,1.654,4.400,0.0,2
hostile=0.0,1.660,4.400,0.0,2
hostile=0.0,1.666,4.400,0.0,2
hostile=0.0,1.672,4.400,0.0,2
hostile=0.0,1.678,4.400,0.0,2
hostile=0.0,1.684,4.400,0.0,2
hostile=0.0,1.690,4.400,0.0,2
hostile=0.0,1.696,4.400,0.0,2
hostile=0.0,1.702,4.400,0.0,2
hostile=0.0,1.708,4.400,0.0,2
hostile=0.0,1.714,4.400,0.0,2
hostile=0.0,1.720,4.400,0.0,2
hostile=0.0,1.726,4.400,0.0,2
hostile=0.0,1.732,4.400,0.0,2
hostile=0.0,1.738,4.400,0.0,2
hostile=0.0,1.744,4.400,0.0,2
hostile=0.0,1.750,4.400,0.0,2
hostile=0.0,1.756,4.400,0.0,2
hostile=0.0,1.762,4.400,0.0,2
hostile=0.0,1.768,4.400,0.0,2
hostile=0.0,1.774,4.400,0.0,2
hostile=0.0,1.780,4.400,0.0,2
hostile=0.0,1.786,4.400,0.0,2
hostile=0.0,1.792,4.400,0.0,2
hostile=0.0,1.798,4.400,0.0,2
hostile=0.0,1.804,4.400,0.0,2
hostile=0.0,1.810,4.400,0.0,2
hostile=0.0,1.816,4.400,0.0,2
hostile=0.0,1.822,4.400,0.0,2
hostile=0.0,1.828,4.400,0.0,2
hostile=0.0,1.834,4.400,0.0,2
hostile=0.0,1.840,4.400,0.0,2
hostile=0.0,1.846,4.400,0.0,2
hostile=0.0,1.852,4.400,0.0,2
hostile=0.0,1.858,4.400,0.0,2
hostile=0.0,1.864,4.400,0.0,2
hostile=0.0,1.870,4.400,0.0,2
hostile=0.0,1.876,4.400,0.0,2
hostile=0.0,1.882,4.400,0.0,2
hostile=0.0,1.888,4.400,0.0,2
hostile=0.0,1.894,4.400,0.0,2
hostile=0.0,1.900,4.400,0.0,2
hostile=0.0,1.906,4.400,0.0,2
hostile=0.0,1.912,4.400,0.0,2
hostile=0.0,1.918,4.400,0.0,2
hostile=0.0,1.924,4.400,0.0,2
hostile=0.0,1.930,4.400,0.0,2
hostile=0.0,1.936,4.400,0.0,2
hostile=0.0,1.942,4.400,0.0,2
hostile=0.0,1.948,4.400,0.0,2
hostile=0.0,1.954,4.400,0.0,2
hostile=0.0,1.960,4.400,0.0,2
hostile=0.0,1.966,4.400,0.0,2
hostile=0.0,1.972,4.400,0.0,2
hostile=0.0,1.978,4.400,0.0,2
hostile=0.0,1.984,4.400,0.0,2
hostile=0.0,1.990,4.400,0.0,2
hostile=0.0,1.996,4.400,0.0,2
hostile=0.0,2.002,4.400,0.0,2
hostile=0.0,2.008,4.400,0.0,2
hostile=0.0,2.014,4.400,0.0,2
hostile=0.0,2.020,4.400,0.0,2
hostile=0.0,2.026,4.400,0.0,2
hostile=0.0,2.032,4.400,0.0,2
hostile=0.0,2.038,4.400,0.0,2
hostile=0.0,2.044,4.400,0.0,2
hostile=0.0,2.050,4.400,0.0,2
hostile=0.0,2.056,4.400,0.0,2
hostile=0.0,2.062,4.400,0.0,2
hostile=0.0,2.068,4.400,0.0,2
hostile=0.0,2.074,4.400,0.0,2
hostile=0.0,2.080,4.400,0.0,2
hostile=0.0,2.086,4.400,0.0,2
hostile=0.0,2.092,4.400,0.0,2
hostile=0.0,2.098,4.400,0.0,2
hostile=0.0,2.104,4.400,0.0,2
hostile=0.0,2.110,4.400,0.0,2
hostile=0.0,2.116,4.400,0.0,2
hostile=0.0,2.122,4.400,0.0,2
hostile=0.0,2.128,4.400,0.0,2
hostile=0.0,2.134,4.400,0.0,2
hostile=0.0,2.140,4.400,0.0,2
hostile=0.0,2.146,4.400,0.0,2
hostile=0.0,2.152,4.400,0.0,2
hostile=0.0,2.158,4.400,0.0,2
hostile=0.0,2.164,4.400,0.0,2
hostile=0.0,2.170,4.400,0.0,2
hostile=0.0,2.176,4.400,0.0,2
hostile=0.0,2.182,4.400,0.0,2
hostile=0.0,2.188,4.400,0.0,2
hostile=0.0,2.194,4.400,0.0,2
hostile=0.0,2.200,4.400,0.0,2
hostile=0.0,2.206,4.400,0.0,2
hostile=0.0,2.212,4.400,0.0,2
hostile=0.0,2.218,4.400,0.0,2
hostile=0.0,2.224,4.400,0.0,2
hostile=0.0,2.230,4.400,0.0,2
hostile=0.0,2.236,4.400,0.0,2
hostile=0.0,2.242,4.400,0.0,2
hostile=0.0,2.248,4.400,0.0,2
hostile=0.0,2.254,4.400,0.0,2
hostile=0.0,2.260,4.400,0.0,2
hostile=0.0,2.266,4.400,0.0,2
hostile=0.0,2.272,4.400,0.0,2
hostile=0.0,2.278,4.400,0.0,2
hostile=0.0,2.284,4.400,0.0,2
hostile=0.0,2.290,4.400,0.0,2
hostile=0.0,2.296,4.400,0.0,2
hostile=0.0,2.302,4.400,0.0,2
hostile=0.0,2.308,4.400,0.0,2
hostile=0.0,2.314,4.400,0.0,2
hostile=0.0,2.320,4.400,0.0,2
hostile=0.0,2.326,4.400,0.0,2
hostile=0.0,2.332,4.400,0.0,2
hostile=0.0,2.338,4.400,0.0,2
hostile=0.0,2.344,4.400,0.0,2
hostile=0.0,2.350,4.400,0.0,2
hostile=0.0,2.356,4.400,0.0,2
hostile=0.0,2.362,4.400,0.0,2
hostile=0.0,2.368,4.400,0.0,2
hostile=0.0,2.374,4.400,0.0,2
hostile=0.0,2.380,4.400,0.0,2
hostile=0.0,2.386,4.400,0.0,2
hostile=0.0,2.392,4.400,0.0,2
hostile=0.0,2.398,4.400,0.0,2
hostile=0.0,2.404,4.400,0.0,2
hostile=0.0,2.410,4.400,0.0,2
hostile=0.0,2.416,4.400,0.0,2
hostile=0.0,2.422,4.400,0.0,2
hostile=0.0,2.428,4.400,0.0,2
hostile=0.0,2.434,4.400,0.0,2
hostile=0.0,2.440,4.400,0.0,2
hostile=0.0,2.446,4.400,0.0,2
hostile=0.0,2.452,4.400,0.0,2
hostile=0.0,2.458,4.400,0.0,2
hostile=0.0,2.464,4.400,0.0,2
hostile=0.0,2.470,4.400,0.0,2
hostile=0.0,2.476,4.400,0.0,2
hostile=0.0,2.482,4.400,0.0,2
hostile=0.0,2.488,4.400,0.0,2
hostile=0.0,2.494,4.400,0.0,2
hostile=0.0,2.500,4.400,0.0,2
hostile=0.0,2.506,4.400,0.0,2
hostile=0.0,2.512,4.400,0.0,2
hostile=0.0,2.518,4.400,0.0,2
hostile=0.0,2.524,4.400,0.0,2
hostile=0.0,2.530,4.400,0.0,2
hostile=0.0,2.536,4.400,0.0,2
hostile=0.0,2.542,4.400,0.0,2
hostile=0.0,2.548,4.400,0.0,2
hostile=0.0,2.554,4.400,0.0,2
hostile=0.0,2.560,4.400,0.0,2
hostile=0.0,2.566,4.400,0.0,2
hostile=0.0,2.572,4.400,0.0,2
hostile=0.0,2.578,4.400,0.0,2
hostile=0.0,2.584,4.400,0.0,2
hostile=0.0,2.590,4.400,0.0,2
hostile=0.0,2.596,4.400,0.0,2
hostile=0.0,2.602,4.400,0.0,2
hostile=0.0,2.608,4.400,0.0,2
hostile=0.0,2.614,4.400,0.0,2
hostile=0.0,2.620,4.400,0.0,2
hostile=0.0,2.626,4.400,0.0,2
hostile=0.0,2.632,4.400,0.0,2
hostile=0.0,2.638,4.400,0.0,2
hostile=0.0,2.644,4.400,0.0,2
hostile=0.0,2.650,4.400,0.0,2
hostile=0.0,2.656,4.400,0.0,2
hostile=0.0,2.662,4.400,0.0,2
hostile=0.0,2.668,4.400,0.0,2
hostile=0.0,2.674,4.400,0.0,2
hostile=0.0,2.680,4.400,0.0,2
hostile=0.0,2.686,4.400,0.0,2
hostile=0.0,2.692,4.400,0.0,2
hostile=0.0,2.698,4.400,0.0,2
hostile=0.0,2.704,4.400,0.0,2
hostile=0.0,2.710,4.400,0.0,2
hostile=0.0,2.716,4.400,0.0,2
hostile=0.0,2.722,4.400,0.0,2
hostile=0.0,2.728,4.400,0.0,2
hostile=0.0,2.734,4.400,0.0,2
hostile=0.0,2.740,4.400,0.0,2
hostile=0.0,2.746,4.400,0.0,2
hostile=0.0,2.752,4.400,0.0,2
hostile=0.0,2.758,4.400,0.0,2
hostile=0.0,2.764,4.400,0.0,2
hostile=0.0,2.770,4.400,0.0,2
hostile=0.0,2.776,4.400,0.0,2
hostile=0.0,2.782,4.400,0.0,2
hostile=0.0,2.788,4.400,0.0,2
hostile=0.0,2.794,4.400,0.0,2
hostile=0.0,2.800,4.400,0.0,2
hostile=0.0,2.806,4.400,0.0,2
hostile=0.0,2.812,4.400,0.0,2
hostile=0.0,2.818,4.400,0.0,2
hostile=0.0,2.824,4.400,0.0,2
hostile=0.0,2.830,4.400,0.0,2
hostile=0.0,2.836,4.400,0.0,2
hostile=0.0,2.842,4.400,0.0,2
hostile=0.0,2.848,4.400,0.0,2
hostile=0.0,2.854,4.400,0.0,2
hostile=0.0,2.860,4.400,0.0,2
hostile=0.0,2.866,4.400,0.0,2
hostile=0.0,2.872,4.400,0.0,2
hostile=0.0,2.878,4.400,0.0,2
hostile=0.0,2.884,4.400,0.0,2
hostile=0.0,2.890,4.400,0.0,2
hostile=0.0,2.896,4.400,0.0,2
hostile=0.0,2.902,4.400,0.0,2
hostile=0.0,2.908,4.400,0.0,2
hostile=0.0,2.914,4.400,0.0,2
hostile=0.0,2.920,4.400,0.0,2
hostile=0.0,2.926,4.400,0.0,2
hostile=0.0,2.932,4.400,0.0,2
hostile=0.0,2.938,4.400,0.0,2
hostile=0.0,2.944,4.400,0.0,2
hostile=0.0,2.950,4.400,0.0,2
hostile=0.0,2.956,4.400,0.0,2
hostile=0.0,2.962,4.400,0.0,2
hostile=0.0,2.968,4.400,0.0,2
hostile=0.0,2.974,4.400,0.0,2
hostile=0.0,2.980,4.400,0.0,2
hostile=0.0,2.986,4.400,0.0,2
hostile=0.0,2.992,4.400,0.0,2
hostile=0.0,2.998,4.400,0.0,2
hostile=0.0,3.005,4.400,0.0,2
hostile=0.0,3.011,4.400,0.0,2
hostile=0.0,3.017,4.400,0.0,2
hostile=0.0,3.023,4.400,0.0,2
hostile=0.0,3.029,4.400,0.0,2
hostile=0.0,3.035,4.400,0.0,2
hostile=0.0,3.041,4.400,0.0,2
hostile=0.0,3.047,4.400,0.0,2
hostile=0.0,3.053,4.400,0.0,2
hostile=0.0,3.059,4.400,0.0,2
hostile=0.0,3.065,4.400,0.0,2
hostile=0.0,3.071,4.400,0.0,2
hostile=0.0,3.077,4.400,0.0,2
hostile=0.0,3.083,4.400,0.0,2
hostile=0.0,3.089,4.400,0.0,2
hostile=0.0,3.095,4.400,0.0,2
hostile=0.0,3.101,4.400,0.0,2
hostile=0.0,3.107,4.400,0.0,2
hostile=0.0,3.113,4.400,0.0,2
hostile=0.0,3.119,4.400,0.0,2
hostile=0.0,3.125,4.400,0.0,2
hostile=0.0,3.131,4.400,0.0,2
hostile=0.0,3.137,4.400,0.0,2
hostile=0.0,3.143,4.400,0.0,2
hostile=0.0,3.149,4.400,0.0,2
hostile=0.0,3.155,4.400,0.0,2
hostile=0.0,3.161,4.400,0.0,2
hostile=0.0,3.167,4.400,0.0,2
hostile=0.0,3.173,4.400,0.0,2
hostile=0.0,3.179,4.400,0.0,2
hostile=0.0,3.185,4.400,0.0,2
hostile=0.0,3.191,4.400,0.0,2
hostile=0.0,3.197,4.400,0.0,2
hostile=0.0,3.203,4.400,0.0,2
hostile=0.0,3.209,4.400,0.0,2
hostile=0.0,3.215,4.400,0.0,2
hostile=0.0,3.221,4.400,0.0,2
hostile=0.0,3.227,4.400,0.0,2
hostile=0.0,3.233,4.400,0.0,2
hostile=0.0,3.239,4.400,0.0,2
hostile=0.0,3.245,4.400,0.0,2
hostile=0.0,3.251,4.400,0.0,2
hostile=0.0,3.257,4.400,0.0,2
hostile=0.0,3.263,4.400,0.0,2
hostile=0.0,3.269,4.400,0.0,2
hostile=0.0,3.275,4.400,0.0,2
hostile=0.0,3.281,4.400,0.0,2
hostile=0.0,3.287,4.400,0.0,2
hostile=0.0,3.293,4.400,0.0,2
hostile=0.0,3.299,4.400,0.0,2
hostile=0.0,3.305,4.400,0.0,2
hostile=0.0,3.311,4.400,0.0,2
hostile=0.0,3.317,4.400,0.0,2
hostile=0.0,3.323,4.400,0.0,2
hostile=0.0,3.329,4.400,0.0,2
hostile=0.0,3.335,4.400,0.0,2
hostile=0.0,3.341,4.400,0.0,2
hostile=0.0,3.347,4.400,0.0,2
hostile=0.0,3.353,4.400,0.0,2
hostile=0.0,3.359,4.400,0.0,2
hostile=0.0,3.365,4.400,0.0,2
hostile=0.0,3.371,4.400,0.0,2
hostile=0.0,3.377,4.400,0.0,2
hostile=0.0,3.383,4.400,0.0,2
hostile=0.0,3.389,4.400,0.0,2
hostile=0.0,3.395,4.400,0.0,2
hostile=0.0,3.401,4.400,0.0,2
hostile=0.0,3.407,4.400,0.0,2
hostile=0.0,3.413,4.400,0.0,2
hostile=0.0,3.419,4.400,0.0,2
hostile=0.0,3.425,4.400,0.0,2
hostile=0.0,3.431,4.400,0.0,2
hostile=0.0,3.437,4.400,0.0,2
hostile=0.0,3.443,4.400,0.0,2
hostile=0.0,3.449,4.400,0.0,2
hostile=0.0,3.455,4.400,0.0,2
hostile=0.0,3.461,4.400,0.0,2
hostile=0.0,3.467,4.400,0.0,2
hostile=0.0,3.473,4.400,0.0,2
hostile=0.0,3.479,4.400,0.0,2
hostile=0.0,3.485,4.400,0.0,2
hostile=0.0,3.491,4.400,0.0,2
hostile=0.0,3.497,4.400,0.0,2
hostile=0.0,3.503,4.400,0.0,2
hostile=0.0,3.509,4.400,0.0,2
hostile=0.0,3.515,4.400,0.0,2
hostile=0.0,3.521,4.400,0.0,2
hostile=0.0,3.527,4.400,0.0,2
hostile=0.0,3.533,4.400,0.0,2
hostile=0.0,3.539,4.400,0.0,2
hostile=0.0,3.545,4.400,0.0,2
hostile=0.0,3.551,4.400,0.0,2
hostile=0.0,3.557,4.400,0.0,2
hostile=0.0,3.563,4.400,0.0,2
hostile=0.0,3.569,4.400,0.0,2
hostile=0.0,3.575,4.400,0.0,2
hostile=0.0,3.581,4.400,0.0,2
hostile=0.0,3.587,4.400,0.0,2
hostile=0.0,3.593,4.400,0.0,2
hostile=0.0,3.599,4.400,0.0,2
hostile=0.0,3.605,4.400,0.0,2
hostile=0.0,3.611,4.400,0.0,2
hostile=0.0,3.617,4.400,0.0,2
hostile=0.0,3.623,4.400,0.0,2
hostile=0.0,3.629,4.400,0.0,2
hostile=0.0,3.635,4.400,0.0,2
hostile=0.0,3.641,4.400,0.0,2
hostile=0.0,3.647,4.400,0.0,2
hostile=0.0,3.653,4.400,0.0,2
hostile=0.0,3.659,4.400,0.0,2
hostile=0.0,3.665,4.400,0.0,2
hostile=0.0,3.671,4.400,0.0,2
hostile=0.0,3.677,4.400,0.0,2
hostile=0.0,3.683,4.400,0.0,2
hostile=0.0,3.689,4.400,0.0,2
hostile=0.0,3.695,4.400,0.0,2
hostile=0.0,3.701,4.400,0.0,2
hostile=0.0,3.707,4.400,0.0,2
hostile=0.0,3.713,4.400,0.0,2
hostile=0.0,3.719,4.400,0.0,2
hostile=0.0,3.725,4.400,0.0,2
hostile=0.0,3.731,4.400,0.0,2
hostile=0.0,3.737,4.400,0.0,2
hostile=0.0,3.743,4.400,0.0,2
hostile=0.0,3.749,4.400,0.0,2
hostile=0.0,3.755,4.400,0.0,2
hostile=0.0,3.761,4.400,0.0,2
hostile=0.0,3.767,4.400,0.0,2
hostile=0.0,3.773,4.400,0.0,2
hostile=0.0,3.779,4.400,0.0,2
hostile=0.0,3.785,4.400,0.0,2
hostile=0.0,3.791,4.400,0.0,2
hostile=0.0,3.797,4.400,0.0,2
hostile=0.0,3.803,4.400,0.0,2
hostile=0.0,3.809,4.400,0.0,2
hostile=0.0,3.815,4.400,0.0,2
hostile=0.0,3.821,4.400,0.0,2
hostile=0.0,3.827,4.400,0.0,2
hostile=0.0,3.833,4.400,0.0,2
hostile=0.0,3.839,4.400,0.0,2
hostile=0.0,3.845,4.400,0.0,2
hostile=0.0,3.851,4.400,0.0,2
hostile=0.0,3.857,4.400,0.0,2
hostile=0.0,3.863,4.400,0.0,2
hostile=0.0,3.869,4.400,0.0,2
hostile=0.0,3.875,4.400,0.0,2
hostile=0.0,3.881,4.400,0.0,2
hostile=0.0,3.887,4.400,0.0,2
hostile=0.0,3.893,4.400,0.0,2
hostile=0.0,3.899,4.400,0.0,2
hostile=0.0,3.905,4.400,0.0,2
hostile=0.0,3.911,4.400,0.0,2
hostile=0.0,3.917,4.400,0.0,2
hostile=0.0,3.923,4.400,0.0,2
hostile=0.0,3.929,4.400,0.0,2
hostile=0.0,3.935,4.400,0.0,2
hostile=0.0,3.941,4.400,0.0,2
hostile=0.0,3.947,4.400,0.0,2
hostile=0.0,3.953,4.400,0.0,2
hostile=0.0,3.959,4.400,0.0,2
hostile=0.0,3.965,4.400,0.0,2
hostile=0.0,3.971,4.400,0.0,2
hostile=0.0,3.977,4.400,0.0,2
hostile=0.0,3.983,4.400,0.0,2
hostile=0.0,3.989,4.400,0.0,2
hostile=0.0,3.995,4.400,0.0,2
hostile=0.0,4.001,4.400,0.0,2
hostile=0.0,4.007,4.400,0.0,2
hostile=0.0,4.013,4.400,0.0,2
hostile=0.0,4.019,4.400,0.0,2
hostile=0.0,4.025,4.400,0.0,2
hostile=0.0,4.031,4.400,0.0,2
hostile=0.0,4.037,4.400,0.0,2
hostile=0.0,4.043,4.400,0.0,2
hostile=0.0,4.049,4.400,0.0,2
hostile=0.0,4.055,4.400,0.0,2
hostile=0.0,4.061,4.400,0.0,2
hostile=0.0,4.067,4.400,0.0,2
hostile=0.0,4.073,4.400,0.0,2
hostile=0.0,4.079,4.400,0.0,2
hostile=0.0,4.085,4.400,0.0,2
hostile=0.0,4.091,4.400,0.0,2
hostile=0.0,4.097,4.400,0.0,2
hostile=0.0,4.103,4.400,0.0,2
hostile=0.0,4.109,4.400,0.0,2
hostile=0.0,4.115,4.400,0.0,2
hostile=0.0,4.121,4.400,0.0,2
hostile=0.0,4.127,4.400,0.0,2
hostile=0.0,4.133,4.400,0.0,2
hostile=0.0,4.139,4.400,0.0,2
hostile=0.0,4.145,4.400,0.0,2
hostile=0.0,4.151,4.400,0.0,2
hostile=0.0,4.157,4.400,0.0,2
hostile=0.0,4.163,4.400,0.0,2
hostile=0.0,4.169,4.400,0.0,2
hostile=0.0,4.175,4.400,0.0,2
hostile=0.0,4.181,4.400,0.0,2
hostile=0.0,4.187,4.400,0.0,2
hostile=0.0,4.193,4.400,0.0,2
hostile=0.0,4.199,4.400,0.0,2
hostile=0.0,4.205,4.400,0.0,2
hostile=0.0,4.211,4.400,0.0,2
hostile=0.0,4.217,4.400,0.0,2
hostile=0.0,4.223,4.400,0.0,2
hostile=0.0,4.229,4.400,0.0,2
hostile=0.0,4.235,4.400,0.0,2
hostile=0.0,4.241,4.400,0.0,2
hostile=0.0,4.247,4.400,0.0,2
hostile=0.0,4.253,4.400,0.0,2
hostile=0.0,4.259,4.400,0.0,2
hostile=0.0,4.265,4.400,0.0,2
hostile=0.0,4.271,4.400,0.0,2
hostile=0.0,4.277,4.400,0.0,2
hostile=0.0,4.283,4.400,0.0,2
hostile=0.0,4.289,4.400,0.0,2
hostile=0.0,4.295,4.400,0.0,2
hostile=0.0,4.301,4.400,0.0,2
hostile=0.0,4.307,4.400,0.0,2
hostile=0.0,4.313,4.400,0.0,2
hostile=0.0,4.319,4.400,0.0,2
hostile=0.0,4.325,4.400,0.0,2
hostile=0.0,4.331,4.400,0.0,2
hostile=0.0,4.337,4.400,0.0,2
hostile=0.0,4.343,4.400,0.0,2
hostile=0.0,4.349,4.400,0.0,2
hostile=0.0,4.355,4.400,0.0,2
hostile=0.0,4.361,4.400,0.0,2
hostile=0.0,4.367,4.400,0.0,2
hostile=0.0,4.373,4.400,0.0,2
hostile=0.0,4.379,4.400,0.0,2
hostile=0.0,4.385,4.400,0.0,2
hostile=0.0,4.391,4.400,0.0,2
hostile=0.0,4.397,4.400,0.0,2
hostile=0.0,4.403,4.400,0.0,2
hostile=0.0,4.409,4.400,0.0,2
hostile=0.0,4.415,4.400,0.0,2
hostile=0.0,4.421,4.400,0.0,2
hostile=0.0,4.427,4.400,0.0,2
hostile=0.0,4.433,4.400,0.0,2
hostile=0.0,4.439,4.400,0.0,2
hostile=0.0,4.445,4.400,0.0,2
hostile=0.0,4.451,4.400,0.0,2
hostile=0.0,4.457,4.400,0.0,2
hostile=0.0,4.463,4.400,0.0,2
hostile=0.0,4.469,4.400,0.0,2
hostile=0.0,4.475,4.400,0.0,2
hostile=0.0,4.481,4.400,0.0,2
hostile=0.0,4.487,4.400,0.0,2
hostile=0.0,4.493,4.400,0.0,2
hostile=0.0,4.499,4.400,0.0,2
hostile=0.0,4.505,4.400,0.0,2
hostile=0.0,4.511,4.400,0.0,2
hostile=0.0,4.517,4.400,0.0,2
hostile=0.0,4.523,4.400,0.0,2
hostile=0.0,4.529,4.400,0.0,2
hostile=0.0,4.535,4.400,0.0,2
hostile=0.0,4.541,4.400,0.0,2
hostile=0.0,4.547,4.400,0.0,2
hostile=0.0,4.553,4.400,0.0,2
hostile=0.0,4.559,4.400,0.0,2
hostile=0.0,4.565,4.400,0.0,2
hostile=0.0,4.571,4.400,0.0,2
hostile=0.0,4.577,4.400,0.0,2
hostile=0.0,4.583,4.400,0.0,2
hostile=0.0,4.589,4.400,0.0,2
hostile=0.0,4.595,4.400,0.0,2
hostile=0.0,4.601,4.400,0.0,2
hostile=0.0,4.607,4.400,0.0,2
hostile=0.0,4.613,4.400,0.0,2
hostile=0.0,4.619,4.400,0.0,2
hostile=0.0,4.625,4.400,0.0,2
hostile=0.0,4.631,4.400,0.0,2
hostile=0.0,4.637,4.400,0.0,2
hostile=0.0,4.643,4.400,0.0,2
hostile=0.0,4.649,4.400,0.0,2
hostile=0.0,4.655,4.400,0.0,2
hostile=0.0,4.661,4.400,0.0,2
hostile=0.0,4.667,4.400,0.0,2
hostile=0.0,4.673,4.400,0.0,2
hostile=0.0,4.679,4.400,0.0,2
hostile=0.0,4.685,4.400,0.0,2
hostile=0.0,4.691,4.400,0.0,2
hostile=0.0,4.697,4.400,0.0,2
hostile=0.0,4.703,4.400,0.0,2
hostile=0.0,4.709,4.400,0.0,2
hostile=0.0,4.715,4.400,0.0,2
hostile=0.0,4.721,4.400,0.0,2
hostile=0.0,4.727,4.400,0.0,2
hostile=0.0,4.733,4.400,0.0,2
hostile=0.0,4.739,4.400,0.0,2
hostile=0.0,4.745,4.400,0.0,2
hostile=0.0,4.751,4.400,0.0,2
hostile=0.0,4.757,4.400,0.0,2
hostile=0.0,4.763,4.400,0.0,2
hostile=0.0,4.769,4.400,0.0,2
hostile=0.0,4.775,4.400,0.0,2
hostile=0.0,4.781,4.400,0.0,2
hostile=0.0,4.787,4.400,0.0,2
hostile=0.0,4.793,4.400,0.0,2
hostile=0.0,4.799,4.400,0.0,2
hostile=0.0,4.805,4.400,0.0,2
hostile=0.0,4.811,4.400,0.0,2
hostile=0.0,4.817,4.400,0.0,2
hostile=0.0,4.823,4.400,0.0,2
hostile=0.0,4.829,4.400,0.0,2
hostile=0.0,4.835,4.400,0.0,2
hostile=0.0,4.841,4.400,0.0,2
hostile=0.0,4.847,4.400,0.0,2
hostile=0.0,4.853,4.400,0.0,2
hostile=0.0,4.859,4.400,0.0,2
hostile=0.0,4.865,4.400,0.0,2
hostile=0.0,4.871,4.400,0.0,2
hostile=0.0,4.877,4.400,0.0,2
hostile=0.0,4.883,4.400,0.0,2
hostile=0.0,4.889,4.400,0.0,2
hostile=0.0,4.895,4.400,0.0,2
hostile=0.0,4.901,4.400,0.0,2
hostile=0.0,4.907,4.400,0.0,2
hostile=0.0,4.913,4.400,0.0,2
hostile=0.0,4.919,4.400,0.0,2
hostile=0.0,4.925,4.400,0.0,2
hostile=0.0,4.931,4.400,0.0,2
hostile=0.0,4.937,4.400,0.0,2
hostile=0.0,4.943,4.400,0.0,2
hostile=0.0,4.949,4.400,0.0,2
hostile=0.0,4.955,4.400,0.0,2
hostile=0.0,4.961,4.400,0.0,2
hostile=0.0,4.967,4.400,0.0,2
hostile=0.0,4.973,4.400,0.0,2
hostile=0.0,4.979,4.400,0.0,2
hostile=0.0,4.985,4.400,0.0,2
hostile=0.0,4.991,4.400,0.0,2
hostile=0.0,4.997,4.400,0.0,2
hostile=0.0,5.004,4.400,0.0,2
hostile=0.0,5.010,4.400,0.0,2
hostile=0.0,5.016,4.400,0.0,2
hostile=0.0,5.022,4.400,0.0,2
hostile=0.0,5.028,4.400,0.0,2
hostile=0.0,5.034,4.400,0.0,2
hostile=0.0,5.040,4.400,0.0,2
hostile=0.0,5.046,4.400,0.0,2
hostile=0.0,5.052,4.400,0.0,2
hostile=0.0,5.058,4.400,0.0,2
hostile=0.0,5.064,4.400,0.0,2
hostile=0.0,5.070,4.400,0.0,2
hostile=0.0,5.076,4.400,0.0,2
hostile=0.0,5.082,4.400,0.0,2
hostile=0.0,5.088,4.400,0.0,2
hostile=0.0,5.094,4.400,0.0,2
hostile=0.0,5.100,4.400,0.0,2
hostile=0.0,5.106,4.400,0.0,2
hostile=0.0,5.112,4.400,0.0,2
hostile=0.0,5.118,4.400,0.0,2
hostile=0.0,5.124,4.400,0.0,2
hostile=0.0,5.130,4.400,0.0,2
hostile=0.0,5.136,4.400,0.0,2
hostile=0.0,5.142,4.400,0.0,2
hostile=0.0,5.148,4.400,0.0,2
hostile=0.0,5.154,4.400,0.0,2
hostile=0.0,5.160,4.400,0.0,2
hostile=0.0,5.166,4.400,0.0,2
hostile=0.0,5.172,4.400,0.0,2
hostile=0.0,5.178,4.400,0.0,2
hostile=0.0,5.184,4.400,0.0,2
hostile=0.0,5.190,4.400,0.0,2
hostile=0.0,5.196,4.400,0.0,2
hostile=0.0,5.202,4.400,0.0,2
hostile=0.0,5.208,4.400,0.0,2
hostile=0.0,5.214,4.400,0.0,2
hostile=0.0,5.220,4.400,0.0,2
hostile=0.0,5.226,4.400,0.0,2
hostile=0.0,5.232,4.400,0.0,2
hostile=0.0,5.238,4.400,0.0,2
hostile=0.0,5.244,4.400,0.0,2
hostile=0.0,5.250,4.400,0.0,2
hostile=0.0,5.256,4.400,0.0,2
hostile=0.0,5.262,4.400,0.0,2
hostile=0.0,5.268,4.400,0.0,2
hostile=0.0,5.274,4.400,0.0,2
hostile=0.0,5.280,4.400,0.0,2
hostile=0.0,5.286,4.400,0.0,2
hostile=0.0,5.292,4.400,0.0,2
hostile=0.0,5.298,4.400,0.0,2
hostile=0.0,5.304,4.400,0.0,2
hostile=0.0,5.310,4.400,0.0,2
hostile=0.0,5.316,4.400,0.0,2
hostile=0.0,5.322,4.400,0.0,2
hostile=0.0,5.328,4.400,0.0,2
hostile=0.0,5.334,4.400,0.0,2
hostile=0.0,5.340,4.400,0.0,2
hostile=0.0,5.346,4.400,0.0,2
hostile=0.0,5.352,4.400,0.0,2
hostile=0.0,5.358,4.400,0.0,2
hostile=0.0,5.364,4.400,0.0,2
hostile=0.0,5.370,4.400,0.0,2
hostile=0.0,5.376,4.400,0.0,2
hostile=0.0,5.382,4.400,0.0,2
hostile=0.0,5.388,4.400,0.0,2
hostile=0.0,5.394,4.400,0.0,2
hostile=0.0,5.400,4.400,0.0,2
hostile=0.0,5.406,4.400,0.0,2
hostile=0.0,5.412,4.400,0.0,2
hostile=0.0,5.418,4.400,0.0,2
hostile=0.0,5.424,4.400,0.0,2
hostile=0.0,5.430,4.400,0.0,2
hostile=0.0,5.436,4.400,0.0,2
hostile=0.0,5.442,4.400,0.0,2
hostile=0.0,5.448,4.400,0.0,2
hostile=0.0,5.454,4.400,0.0,2
hostile=0.0,5.460,4.400,0.0,2
hostile=0.0,5.466,4.400,0.0,2
hostile=0.0,5.472,4.400,0.0,2
hostile=0.0,5.478,4.400,0.0,2
hostile=0.0,5.484,4.400,0.0,2
hostile=0.0,5.490,4.400,0.0,2
hostile=0.0,5.496,4.400,0.0,2
hostile=0.0,5.502,4.400,0.0,2
hostile=0.0,5.508,4.400,0.0,2
hostile=0.0,5.514,4.400,0.0,2
hostile=0.0,5.520,4.400,0.0,2
hostile=0.0,5.526,4.400,0.0,2
hostile=0.0,5.532,4.400,0.0,2
hostile=0.0,5.538,4.400,0.0,2
hostile=0.0,5.544,4.400,0.0,2
hostile=0.0,5.550,4.400,0.0,2
hostile=0.0,5.556,4.400,0.0,2
hostile=0.0,5.562,4.400,0.0,2
hostile=0.0,5.568,4.400,0.0,2
hostile=0.0,5.574,4.400,0.0,2
hostile=0.0,5.580,4.400,0.0,2
hostile=0.0,5.586,4.400,0.0,2
hostile=0.0,5.592,4.400,0.0,2
hostile=0.0,5.598,4.400,0.0,2
hostile=0.0,5.604,4.400,0.0,2
hostile=0.0,5.610,4.400,0.0,2
hostile=0.0,5.616,4.400,0.0,2
hostile=0.0,5.622,4.400,0.0,2
hostile=0.0,5.628,4.400,0.0,2
hostile=0.0,5.634,4.400,0.0,2
hostile=0.0,5.640,4.400,0.0,2
hostile=0.0,5.646,4.400,0.0,2
hostile=0.0,5.652,4.400,0.0,2
hostile=0.0,5.658,4.400,0.0,2
hostile=0.0,5.664,4.400,0.0,2
hostile=0.0,5.670,4.400,0.0,2
hostile=0.0,5.676,4.400,0.0,2
hostile=0.0,5.682,4.400,0.0,2
hostile=0.0,5.688,4.400,0.0,2
hostile=0.0,5.694,4.400,0.0,2
hostile=0.0,5.700,4.400,0.0,2
hostile=0.0,5.706,4.400,0.0,2
hostile=0.0,5.712,4.400,0.0,2
hostile=0.0,5.718,4.400,0.0,2
hostile=0.0,5.724,4.400,0.0,2
hostile=0.0,5.730,4.400,0.0,2
hostile=0.0,5.736,4.400,0.0,2
hostile=0.0,5.742,4.400,0.0,2
hostile=0.0,5.748,4.400,0.0,2
hostile=0.0,5.754,4.400,0.0,2
hostile=0.0,5.760,4.400,0.0,2
hostile=0.0,5.766,4.400,0.0,2
hostile=0.0,5.772,4.400,0.0,2
hostile=0.0,5.778,4.400,0.0,2
hostile=0.0,5.784,4.400,0.0,2
hostile=0.0,5.790,4.400,0.0,2
hostile=0.0,5.796,4.400,0.0,2
hostile=0.0,5.802,4.400,0.0,2
hostile=0.0,5.808,4.400,0.0,2
hostile=0.0,5.814,4.400,0.0,2
hostile=0.0,5.820,4.400,0.0,2
hostile=0.0,5.826,4.400,0.0,2
hostile=0.0,5.832,4.400,0.0,2
hostile=0.0,5.838,4.400,0.0,2
hostile=0.0,5.844,4.400,0.0,2
hostile=0.0,5.850,4.400,0.0,2
hostile=0.0,5.856,4.400,0.0,2
hostile=0.0,5.862,4.400,0.0,2
hostile=0.0,5.868,4.400,0.0,2
hostile=0.0,5.874,4.400,0.0,2
hostile=0.0,5.880,4.400,0.0,2
hostile=0.0,5.886,4.400,0.0,2
hostile=0.0,5.892,4.400,0.0,2
hostile=0.0,5.898,4.400,0.0,2
hostile=0.0,5.904,4.400,0.0,2
hostile=0.0,5.910,4.400,0.0,2
hostile=0.0,5.916,4.400,0.0,2
hostile=0.0,5.922,4.400,0.0,2
hostile=0.0,5.928,4.400,0.0,2
hostile=0.0,5.934,4.400,0.0,2
hostile=0.0,5.940,4.400,0.0,2
hostile=0.0,5.946,4.400,0.0,2
hostile=0.0,5.952,4.400,0.0,2
hostile=0.0,5.958,4.400,0.0,2
hostile=0.0,5.964,4.400,0.0,2
hostile=0.0,5.970,4.400,0.0,2
hostile=0.0,5.976,4.400,0.0,2
hostile=0.0,5.982,4.400,0.0,2
hostile=0.0,5.988,4.400,0.0,2
hostile=0.0,5.994,4.400,0.0,2
hostile=0.0,6.000,4.400,0.0,2
difficulty_rate=0.0
max_difficulty_scale=1.0
win_time=999999.0
