# generated stress profile
# count=500
hostile=0.0,-6.000,4.400,0.0,2
hostile=0.0,-5.976,4.400,0.0,2
hostile=0.0,-5.952,4.400,0.0,2
hostile=0.0,-5.928,4.400,0.0,2
hostile=0.0,-5.904,4.400,0.0,2
hostile=0.0,-5.880,4.400,0.0,2
hostile=0.0,-5.856,4.400,0.0,2
hostile=0.0,-5.832,4.400,0.0,2
hostile=0.0,-5.808,4.400,0.0,2
hostile=0.0,-5.784,4.400,0.0,2
hostile=0.0,-5.760,4.400,0.0,2
hostile=0.0,-5.735,4.400,0.0,2
hostile=0.0,-5.711,4.400,0.0,2
hostile=0.0,-5.687,4.400,0.0,2
hostile=0.0,-5.663,4.400,0.0,2
hostile=0.0,-5.639,4.400,0.0,2
hostile=0.0,-5.615,4.400,0.0,2
hostile=0.0,-5.591,4.400,0.0,2
hostile=0.0,-5.567,4.400,0.0,2
hostile=0.0,-5.543,4.400,0.0,2
hostile=0.0,-5.519,4.400,0.0,2
hostile=0.0,-5.495,4.400,0.0,2
hostile=0.0,-5.471,4.400,0.0,2
hostile=0.0,-5.447,4.400,0.0,2
hostile=0.0,-5.423,4.400,0.0,2
hostile=0.0,-5.399,4.400,0.0,2
hostile=0.0,-5.375,4.400,0.0,2
hostile=0.0,-5.351,4.400,0.0,2
hostile=0.0,-5.327,4.400,0.0,2
hostile=0.0,-5.303,4.400,0.0,2
hostile=0.0,-5.279,4.400,0.0,2
hostile=0.0,-5.255,4.400,0.0,2
hostile=0.0,-5.230,4.400,0.0,2
hostile=0.0,-5.206,4.400,0.0,2
hostile=0.0,-5.182,4.400,0.0,2
hostile=0.0,-5.158,4.400,0.0,2
hostile=0.0,-5.134,4.400,0.0,2
hostile=0.0,-5.110,4.400,0.0,2
hostile=0.0,-5.086,4.400,0.0,2
hostile=0.0,-5.062,4.400,0.0,2
hostile=0.0,-5.038,4.400,0.0,2
hostile=0.0,-5.014,4.400,0.0,2
hostile=0.0,-4.990,4.400,0.0,2
hostile=0.0,-4.966,4.400,0.0,2
hostile=0.0,-4.942,4.400,0.0,2
hostile=0.0,-4.918,4.400,0.0,2
hostile=0.0,-4.894,4.400,0.0,2
hostile=0.0,-4.870,4.400,0.0,2
hostile=0.0,-4.846,4.400,0.0,2
hostile=0.0,-4.822,4.400,0.0,2
hostile=0.0,-4.798,4.400,0.0,2
hostile=0.0,-4.774,4.400,0.0,2
hostile=0.0,-4.749,4.400,0.0,2
hostile=0.0,-4.725,4.400,0.0,2
hostile=0.0,-4.701,4.400,0.0,2
hostile=0.0,-4.677,4.400,0.0,2
hostile=0.0,-4.653,4.400,0.0,2
hostile=0.0,-4.629,4.400,0.0,2
hostile=0.0,-4.605,4.400,0.0,2
hostile=0.0,-4.581,4.400,0.0,2
hostile=0.0,-4.557,4.400,0.0,2
hostile=0.0,-4.533,4.400,0.0,2
hostile=0.0,-4.509,4.400,0.0,2
hostile=0.0,-4.485,4.400,0.0,2
hostile=0.0,-4.461,4.400,0.0,2
hostile=0.0,-4.437,4.400,0.0,2
hostile=0.0,-4.413,4.400,0.0,2
hostile=0.0,-4.389,4.400,0.0,2
hostile=0.0,-4.365,4.400,0.0,2
hostile=0.0,-4.341,4.400,0.0,2
hostile=0.0,-4.317,4.400,0.0,2
hostile=0.0,-4.293,4.400,0.0,2
hostile=0.0,-4.269,4.400,0.0,2
hostile=0.0,-4.244,4.400,0.0,2
hostile=0.0,-4.220,4.400,0.0,2
hostile=0.0,-4.196,4.400,0.0,2
hostile=0.0,-4.172,4.400,0.0,2
hostile=0.0,-4.148,4.400,0.0,2
hostile=0.0,-4.124,4.400,0.0,2
hostile=0.0,-4.100,4.400,0.0,2
hostile=0.0,-4.076,4.400,0.0,2
hostile=0.0,-4.052,4.400,0.0,2
hostile=0.0,-4.028,4.400,0.0,2
hostile=0.0,-4.004,4.400,0.0,2
hostile=0.0,-3.980,4.400,0.0,2
hostile=0.0,-3.956,4.400,0.0,2
hostile=0.0,-3.932,4.400,0.0,2
hostile=0.0,-3.908,4.400,0.0,2
hostile=0.0,-3.884,4.400,0.0,2
hostile=0.0,-3.860,4.400,0.0,2
hostile=0.0,-3.836,4.400,0.0,2
hostile=0.0,-3.812,4.400,0.0,2
hostile=0.0,-3.788,4.400,0.0,2
hostile=0.0,-3.764,4.400,0.0,2
hostile=0.0,-3.739,4.400,0.0,2
hostile=0.0,-3.715,4.400,0.0,2
hostile=0.0,-3.691,4.400,0.0,2
hostile=0.0,-3.667,4.400,0.0,2
hostile=0.0,-3.643,4.400,0.0,2
hostile=0.0,-3.619,4.400,0.0,2
hostile=0.0,-3.595,4.400,0.0,2
hostile=0.0,-3.571,4.400,0.0,2
hostile=0.0,-3.547,4.400,0.0,2
hostile=0.0,-3.523,4.400,0.0,2
hostile=0.0,-3.499,4.400,0.0,2
hostile=0.0,-3.475,4.400,0.0,2
hostile=0.0,-3.451,4.400,0.0,2
hostile=0.0,-3.427,4.400,0.0,2
hostile=0.0,-3.403,4.400,0.0,2
hostile=0.0,-3.379,4.400,0.0,2
hostile=0.0,-3.355,4.400,0.0,2
hostile=0.0,-3.331,4.400,0.0,2
hostile=0.0,-3.307,4.400,0.0,2
hostile=0.0,-3.283,4.400,0.0,2
hostile=0.0,-3.259,4.400,0.0,2
hostile=0.0,-3.234,4.400,0.0,2
hostile=0.0,-3.210,4.400,0.0,2
hostile=0.0,-3.186,4.400,0.0,2
hostile=0.0,-3.162,4.400,0.0,2
hostile=0.0,-3.138,4.400,0.0,2
hostile=0.0,-3.114,4.400,0.0,2
hostile=0.0,-3.090,4.400,0.0,2
hostile=0.0,-3.066,4.400,0.0,2
hostile=0.0,-3.042,4.400,0.0,2
hostile=0.0,-3.018,4.400,0.0,2
hostile=0.0,-2.994,4.400,0.0,2
hostile=0.0,-2.970,4.400,0.0,2
hostile=0.0,-2.946,4.400,0.0,2
hostile=0.0,-2.922,4.400,0.0,2
hostile=0.0,-2.898,4.400,0.0,2
hostile=0.0,-2.874,4.400,0.0,2
hostile=0.0,-2.850,4.400,0.0,2
hostile=0.0,-2.826,4.400,0.0,2
hostile=0.0,-2.802,4.400,0.0,2
hostile=0.0,-2.778,4.400,0.0,2
hostile=0.0,-2.754,4.400,0.0,2
hostile=0.0,-2.729,4.400,0.0,2
hostile=0.0,-2.705,4.400,0.0,2
hostile=0.0,-2.681,4.400,0.0,2
hostile=0.0,-2.657,4.400,0.0,2
hostile=0.0,-2.633,4.400,0.0,2
hostile=0.0,-2.609,4.400,0.0,2
hostile=0.0,-2.585,4.400,0.0,2
hostile=0.0,-2.561,4.400,0.0,2
hostile=0.0,-2.537,4.400,0.0,2
hostile=0.0,-2.513,4.400,0.0,2
hostile=0.0,-2.489,4.400,0.0,2
hostile=0.0,-2.465,4.400,0.0,2
hostile=0.0,-2.441,4.400,0.0,2
hostile=0.0,-2.417,4.400,0.0,2
hostile=0.0,-2.393,4.400,0.0,2
hostile=0.0,-2.369,4.400,0.0,2
hostile=0.0,-2.345,4.400,0.0,2
hostile=0.0,-2.321,4.400,0.0,2
hostile=0.0,-2.297,4.400,0.0,2
hostile=0.0,-2.273,4.400,0.0,2
hostile=0.0,-2.248,4.400,0.0,2
hostile=0.0,-2.224,4.400,0.0,2
hostile=0.0,-2.200,4.400,0.0,2
hostile=0.0,-2.176,4.400,0.0,2
hostile=0.0,-2.152,4.400,0.0,2
hostile=0.0,-2.128,4.400,0.0,2
hostile=0.0,-2.104,4.400,0.0,2
hostile=0.0,-2.080,4.400,0.0,2
hostile=0.0,-2.056,4.400,0.0,2
hostile=0.0,-2.032,4.400,0.0,2
hostile=0.0,-2.008,4.400,0.0,2
hostile=0.0,-1.984,4.400,0.0,2
hostile=0.0,-1.960,4.400,0.0,2
hostile=0.0,-1.936,4.400,0.0,2
hostile=0.0,-1.912,4.400,0.0,2
hostile=0.0,-1.888,4.400,0.0,2
hostile=0.0,-1.864,4.400,0.0,2
hostile=0.0,-1.840,4.400,0.0,2
hostile=0.0,-1.816,4.400,0.0,2
hostile=0.0,-1.792,4.400,0.0,2
hostile=0.0,-1.768,4.400,0.0,2
hostile=0.0,-1.743,4.400,0.0,2
hostile=0.0,-1.719,4.400,0.0,2
hostile=0.0,-1.695,4.400,0.0,2
hostile=0.0,-1.671,4.400,0.0,2
hostile=0.0,-1.647,4.400,0.0,2
hostile=0.0,-1.623,4.400,0.0,2
hostile=0.0,-1.599,4.400,0.0,2
hostile=0.0,-1.575,4.400,0.0,2
hostile=0.0,-1.551,4.400,0.0,2
hostile=0.0,-1.527,4.400,0.0,2
hostile=0.0,-1.503,4.400,0.0,2
hostile=0.0,-1.479,4.400,0.0,2
hostile=0.0,-1.455,4.400,0.0,2
hostile=0.0,-1.431,4.400,0.0,2
hostile=0.0,-1.407,4.400,0.0,2
hostile=0.0,-1.383,4.400,0.0,2
hostile=0.0,-1.359,4.400,0.0,2
hostile=0.0,-1.335,4.400,0.0,2
hostile=0.0,-1.311,4.400,0.0,2
hostile=0.0,-1.287,4.400,0.0,2
hostile=0.0,-1.263,4.400,0.0,2
hostile=0.0,-1.238,4.400,0.0,2
hostile=0.0,-1.214,4.400,0.0,2
hostile=0.0,-1.190,4.400,0.0,2
hostile=0.0,-1.166,4.400,0.0,2
hostile=0.0,-1.142,4.400,0.0,2
hostile=0.0,-1.118,4.400,0.0,2
hostile=0.0,-1.094,4.400,0.0,2
hostile=0.0,-1.070,4.400,0.0,2
hostile=0.0,-1.046,4.400,0.0,2
hostile=0.0,-1.022,4.400,0.0,2
hostile=0.0,-0.998,4.400,0.0,2
hostile=0.0,-0.974,4.400,0.0,2
hostile=0.0,-0.950,4.400,0.0,2
hostile=0.0,-0.926,4.400,0.0,2
hostile=0.0,-0.902,4.400,0.0,2
hostile=0.0,-0.878,4.400,0.0,2
hostile=0.0,-0.854,4.400,0.0,2
hostile=0.0,-0.830,4.400,0.0,2
hostile=0.0,-0.806,4.400,0.0,2
hostile=0.0,-0.782,4.400,0.0,2
hostile=0.0,-0.758,4.400,0.0,2
hostile=0.0,-0.733,4.400,0.0,2
hostile=0.0,-0.709,4.400,0.0,2
hostile=0.0,-0.685,4.400,0.0,2
hostile=0.0,-0.661,4.400,0.0,2
hostile=0.0,-0.637,4.400,0.0,2
hostile=0.0,-0.613,4.400,0.0,2
hostile=0.0,-0.589,4.400,0.0,2
hostile=0.0,-0.565,4.400,0.0,2
hostile=0.0,-0.541,4.400,0.0,2
hostile=0.0,-0.517,4.400,0.0,2
hostile=0.0,-0.493,4.400,0.0,2
hostile=0.0,-0.469,4.400,0.0,2
hostile=0.0,-0.445,4.400,0.0,2
hostile=0.0,-0.421,4.400,0.0,2
hostile=0.0,-0.397,4.400,0.0,2
hostile=0.0,-0.373,4.400,0.0,2
hostile=0.0,-0.349,4.400,0.0,2
hostile=0.0,-0.325,4.400,0.0,2
hostile=0.0,-0.301,4.400,0.0,2
hostile=0.0,-0.277,4.400,0.0,2
hostile=0.0,-0.253,4.400,0.0,2
hostile=0.0,-0.228,4.400,0.0,2
hostile=0.0,-0.204,4.400,0.0,2
hostile=0.0,-0.180,4.400,0.0,2
hostile=0.0,-0.156,4.400,0.0,2
hostile=0.0,-0.132,4.400,0.0,2
hostile=0.0,-0.108,4.400,0.0,2
hostile=0.0,-0.084,4.400,0.0,2
hostile=0.0,-0.060,4.400,0.0,2
hostile=0.0,-0.036,4.400,0.0,2
hostile=0.0,-0.012,4.400,0.0,2
hostile=0.0,0.012,4.400,0.0,2
hostile=0.0,0.036,4.400,0.0,2
hostile=0.0,0.060,4.400,0.0,2
hostile=0.0,0.084,4.400,0.0,2
hostile=0.0,0.108,4.400,0.0,2
hostile=0.0,0.132,4.400,0.0,2
hostile=0.0,0.156,4.400,0.0,2
hostile=0.0,0.180,4.400,0.0,2
hostile=0.0,0.204,4.400,0.0,2
hostile=0.0,0.228,4.400,0.0,2
hostile=0.0,0.253,4.400,0.0,2
hostile=0.0,0.277,4.400,0.0,2
hostile=0.0,0.301,4.400,0.0,2
hostile=0.0,0.325,4.400,0.0,2
hostile=0.0,0.349,4.400,0.0,2
hostile=0.0,0.373,4.400,0.0,2
hostile=0.0,0.397,4.400,0.0,2
hostile=0.0,0.421,4.400,0.0,2
hostile=0.0,0.445,4.400,0.0,2
hostile=0.0,0.469,4.400,0.0,2
hostile=0.0,0.493,4.400,0.0,2
hostile=0.0,0.517,4.400,0.0,2
hostile=0.0,0.541,4.400,0.0,2
hostile=0.0,0.565,4.400,0.0,2
hostile=0.0,0.589,4.400,0.0,2
hostile=0.0,0.613,4.400,0.0,2
hostile=0.0,0.637,4.400,0.0,2
hostile=0.0,0.661,4.400,0.0,2
hostile=0.0,0.685,4.400,0.0,2
hostile=0.0,0.709,4.400,0.0,2
hostile=0.0,0.733,4.400,0.0,2
hostile=0.0,0.758,4.400,0.0,2
hostile=0.0,0.782,4.400,0.0,2
hostile=0.0,0.806,4.400,0.0,2
hostile=0.0,0.830,4.400,0.0,2
hostile=0.0,0.854,4.400,0.0,2
hostile=0.0,0.878,4.400,0.0,2
hostile=0.0,0.902,4.400,0.0,2
hostile=0.0,0.926,4.400,0.0,2
hostile=0.0,0.950,4.400,0.0,2
hostile=0.0,0.974,4.400,0.0,2
hostile=0.0,0.998,4.400,0.0,2
hostile=0.0,1.022,4.400,0.0,2
hostile=0.0,1.046,4.400,0.0,2
hostile=0.0,1.070,4.400,0.0,2
hostile=0.0,1.094,4.400,0.0,2
hostile=0.0,1.118,4.400,0.0,2
hostile=0.0,1.142,4.400,0.0,2
hostile=0.0,1.166,4.400,0.0,2
hostile=0.0,1.190,4.400,0.0,2
hostile=0.0,1.214,4.400,0.0,2
hostile=0.0,1.238,4.400,0.0,2
hostile=0.0,1.263,4.400,0.0,2
hostile=0.0,1.287,4.400,0.0,2
hostile=0.0,1.311,4.400,0.0,2
hostile=0.0,1.335,4.400,0.0,2
hostile=0.0,1.359,4.400,0.0,2
hostile=0.0,1.383,4.400,0.0,2
hostile=0.0,1.407,4.400,0.0,2
hostile=0.0,1.431,4.400,0.0,2
hostile=0.0,1.455,4.400,0.0,2
hostile=0.0,1.479,4.400,0.0,2
hostile=0.0,1.503,4.400,0.0,2
hostile=0.0,1.527,4.400,0.0,2
hostile=0.0,1.551,4.400,0.0,2
hostile=0.0,1.575,4.400,0.0,2
hostile=0.0,1.599,4.400,0.0,2
hostile=0.0,1.623,4.400,0.0,2
hostile=0.0,1.647,4.400,0.0,2
hostile=0.0,1.671,4.400,0.0,2
hostile=0.0,1.695,4.400,0.0,2
hostile=0.0,1.719,4.400,0.0,2
hostile=0.0,1.743,4.400,0.0,2
hostile=0.0,1.768,4.400,0.0,2
hostile=0.0,1.792,4.400,0.0,2
hostile=0.0,1.816,4.400,0.0,2
hostile=0.0,1.840,4.400,0.0,2
hostile=0.0,1.864,4.400,0.0,2
hostile=0.0,1.888,4.400,0.0,2
hostile=0.0,1.912,4.400,0.0,2
hostile=0.0,1.936,4.400,0.0,2
hostile=0.0,1.960,4.400,0.0,2
hostile=0.0,1.984,4.400,0.0,2
hostile=0.0,2.008,4.400,0.0,2
hostile=0.0,2.032,4.400,0.0,2
hostile=0.0,2.056,4.400,0.0,2
hostile=0.0,2.080,4.400,0.0,2
hostile=0.0,2.104,4.400,0.0,2
hostile=0.0,2.128,4.400,0.0,2
hostile=0.0,2.152,4.400,0.0,2
hostile=0.0,2.176,4.400,0.0,2
hostile=0.0,2.200,4.400,0.0,2
hostile=0.0,2.224,4.400,0.0,2
hostile=0.0,2.248,4.400,0.0,2
hostile=0.0,2.273,4.400,0.0,2
hostile=0.0,2.297,4.400,0.0,2
hostile=0.0,2.321,4.400,0.0,2
hostile=0.0,2.345,4.400,0.0,2
hostile=0.0,2.369,4.400,0.0,2
hostile=0.0,2.393,4.400,0.0,2
hostile=0.0,2.417,4.400,0.0,2
hostile=0.0,2.441,4.400,0.0,2
hostile=0.0,2.465,4.400,0.0,2
hostile=0.0,2.489,4.400,0.0,2
hostile=0.0,2.513,4.400,0.0,2
hostile=0.0,2.537,4.400,0.0,2
hostile=0.0,2.561,4.400,0.0,2
hostile=0.0,2.585,4.400,0.0,2
hostile=0.0,2.609,4.400,0.0,2
hostile=0.0,2.633,4.400,0.0,2
hostile=0.0,2.657,4.400,0.0,2
hostile=0.0,2.681,4.400,0.0,2
hostile=0.0,2.705,4.400,0.0,2
hostile=0.0,2.729,4.400,0.0,2
hostile=0.0,2.754,4.400,0.0,2
hostile=0.0,2.778,4.400,0.0,2
hostile=0.0,2.802,4.400,0.0,2
hostile=0.0,2.826,4.400,0.0,2
hostile=0.0,2.850,4.400,0.0,2
hostile=0.0,2.874,4.400,0.0,2
hostile=0.0,2.898,4.400,0.0,2
hostile=0.0,2.922,4.400,0.0,2
hostile=0.0,2.946,4.400,0.0,2
hostile=0.0,2.970,4.400,0.0,2
hostile=0.0,2.994,4.400,0.0,2
hostile=0.0,3.018,4.400,0.0,2
hostile=0.0,3.042,4.400,0.0,2
hostile=0.0,3.066,4.400,0.0,2
hostile=0.0,3.090,4.400,0.0,2
hostile=0.0,3.114,4.400,0.0,2
hostile=0.0,3.138,4.400,0.0,2
hostile=0.0,3.162,4.400,0.0,2
hostile=0.0,3.186,4.400,0.0,2
hostile=0.0,3.210,4.400,0.0,2
hostile=0.0,3.234,4.400,0.0,2
hostile=0.0,3.259,4.400,0.0,2
hostile=0.0,3.283,4.400,0.0,2
hostile=0.0,3.307,4.400,0.0,2
hostile=0.0,3.331,4.400,0.0,2
hostile=0.0,3.355,4.400,0.0,2
hostile=0.0,3.379,4.400,0.0,2
hostile=0.0,3.403,4.400,0.0,2
hostile=0.0,3.427,4.400,0.0,2
hostile=0.0,3.451,4.400,0.0,2
hostile=0.0,3.475,4.400,0.0,2
hostile=0.0,3.499,4.400,0.0,2
hostile=0.0,3.523,4.400,0.0,2
hostile=0.0,3.547,4.400,0.0,2
hostile=0.0,3.571,4.400,0.0,2
hostile=0.0,3.595,4.400,0.0,2
hostile=0.0,3.619,4.400,0.0,2
hostile=0.0,3.643,4.400,0.0,2
hostile=0.0,3.667,4.400,0.0,2
hostile=0.0,3.691,4.400,0.0,2
hostile=0.0,3.715,4.400,0.0,2
hostile=0.0,3.739,4.400,0.0,2
hostile=0.0,3.764,4.400,0.0,2
hostile=0.0,3.788,4.400,0.0,2
hostile=0.0,3.812,4.400,0.0,2
hostile=0.0,3.836,4.400,0.0,2
hostile=0.0,3.860,4.400,0.0,2
hostile=0.0,3.884,4.400,0.0,2
hostile=0.0,3.908,4.400,0.0,2
hostile=0.0,3.932,4.400,0.0,2
hostile=0.0,3.956,4.400,0.0,2
hostile=0.0,3.980,4.400,0.0,2
hostile=0.0,4.004,4.400,0.0,2
hostile=0.0,4.028,4.400,0.0,2
hostile=0.0,4.052,4.400,0.0,2
hostile=0.0,4.076,4.400,0.0,2
hostile=0.0,4.100,4.400,0.0,2
hostile=0.0,4.124,4.400,0.0,2
hostile=0.0,4.148,4.400,0.0,2
hostile=0.0,4.172,4.400,0.0,2
hostile=0.0,4.196,4.400,0.0,2
hostile=0.0,4.220,4.400,0.0,2
hostile=0.0,4.244,4.400,0.0,2
hostile=0.0,4.269,4.400,0.0,2
hostile=0.0,4.293,4.400,0.0,2
hostile=0.0,4.317,4.400,0.0,2
hostile=0.0,4.341,4.400,0.0,2
hostile=0.0,4.365,4.400,0.0,2
hostile=0.0,4.389,4.400,0.0,2
hostile=0.0,4.413,4.400,0.0,2
hostile=0.0,4.437,4.400,0.0,2
hostile=0.0,4.461,4.400,0.0,2
hostile=0.0,4.485,4.400,0.0,2
hostile=0.0,4.509,4.400,0.0,2
hostile=0.0,4.533,4.400,0.0,2
hostile=0.0,4.557,4.400,0.0,2
hostile=0.0,4.581,4.400,0.0,2
hostile=0.0,4.605,4.400,0.0,2
hostile=0.0,4.629,4.400,0.0,2
hostile=0.0,4.653,4.400,0.0,2
hostile=0.0,4.677,4.400,0.0,2
hostile=0.0,4.701,4.400,0.0,2
hostile=0.0,4.725,4.400,0.0,2
hostile=0.0,4.749,4.400,0.0,2
hostile=0.0,4.774,4.400,0.0,2
hostile=0.0,4.798,4.400,0.0,2
hostile=0.0,4.822,4.400,0.0,2
hostile=0.0,4.846,4.400,0.0,2
hostile=0.0,4.870,4.400,0.0,2
hostile=0.0,4.894,4.400,0.0,2
hostile=0.0,4.918,4.400,0.0,2
hostile=0.0,4.942,4.400,0.0,2
hostile=0.0,4.966,4.400,0.0,2
hostile=0.0,4.990,4.400,0.0,2
hostile=0.0,5.014,4.400,0.0,2
hostile=0.0,5.038,4.400,0.0,2
hostile=0.0,5.062,4.400,0.0,2
hostile=0.0,5.086,4.400,0.0,2
hostile=0.0,5.110,4.400,0.0,2
hostile=0.0,5.134,4.400,0.0,2
hostile=0.0,5.158,4.400,0.0,2
hostile=0.0,5.182,4.400,0.0,2
hostile=0.0,5.206,4.400,0.0,2
hostile=0.0,5.230,4.400,0.0,2
hostile=0.0,5.255,4.400,0.0,2
hostile=0.0,5.279,4.400,0.0,2
hostile=0.0,5.303,4.400,0.0,2
hostile=0.0,5.327,4.400,0.0,2
hostile=0.0,5.351,4.400,0.0,2
hostile=0.0,5.375,4.400,0.0,2
hostile=0.0,5.399,4.400,0.0,2
hostile=0.0,5.423,4.400,0.0,2
hostile=0.0,5.447,4.400,0.0,2
hostile=0.0,5.471,4.400,0.0,2
hostile=0.0,5.495,4.400,0.0,2
hostile=0.0,5.519,4.400,0.0,2
hostile=0.0,5.543,4.400,0.0,2
hostile=0.0,5.567,4.400,0.0,2
hostile=0.0,5.591,4.400,0.0,2
hostile=0.0,5.615,4.400,0.0,2
hostile=0.0,5.639,4.400,0.0,2
hostile=0.0,5.663,4.400,0.0,2
hostile=0.0,5.687,4.400,0.0,2
hostile=0.0,5.711,4.400,0.0,2
hostile=0.0,5.735,4.400,0.0,2
hostile=0.0,5.760,4.400,0.0,2
hostile=0.0,5.784,4.400,0.0,2
hostile=0.0,5.808,4.400,0.0,2
hostile=0.0,5.832,4.400,0.0,2
hostile=0.0,5.856,4.400,0.0,2
hostile=0.0,5.880,4.400,0.0,2
hostile=0.0,5.904,4.400,0.0,2
hostile=0.0,5.928,4.400,0.0,2
hostile=0.0,5.952,4.400,0.0,2
hostile=0.0,5.976,4.400,0.0,2
hostile=0.0,6.000,4.400,0.0,2
difficulty_rate=0.0
max_difficulty_scale=1.0
win_time=999999.0
