# generated stress profile
# count=50
hostile=0.0,-6.000,4.400,0.0,2
hostile=0.0,-5.755,4.400,0.0,2
hostile=0.0,-5.510,4.400,0.0,2
hostile=0.0,-5.265,4.400,0.0,2
hostile=0.0,-5.020,4.400,0.0,2
hostile=0.0,-4.776,4.400,0.0,2
hostile=0.0,-4.531,4.400,0.0,2
hostile=0.0,-4.286,4.400,0.0,2
hostile=0.0,-4.041,4.400,0.0,2
hostile=0.0,-3.796,4.400,0.0,2
hostile=0.0,-3.551,4.400,0.0,2
hostile=0.0,-3.306,4.400,0.0,2
hostile=0.0,-3.061,4.400,0.0,2
hostile=0.0,-2.816,4.400,0.0,2
hostile=0.0,-2.571,4.400,0.0,2
hostile=0.0,-2.327,4.400,0.0,2
hostile=0.0,-2.082,4.400,0.0,2
hostile=0.0,-1.837,4.400,0.0,2
hostile=0.0,-1.592,4.400,0.0,2
hostile=0.0,-1.347,4.400,0.0,2
hostile=0.0,-1.102,4.400,0.0,2
hostile=0.0,-0.857,4.400,0.0,2
hostile=0.0,-0.612,4.400,0.0,2
hostile=0.0,-0.367,4.400,0.0,2
hostile=0.0,-0.122,4.400,0.0,2
hostile=0.0,0.122,4.400,0.0,2
hostile=0.0,0.367,4.400,0.0,2
hostile=0.0,0.612,4.400,0.0,2
hostile=0.0,0.857,4.400,0.0,2
hostile=0.0,1.102,4.400,0.0,2
hostile=0.0,1.347,4.400,0.0,2
hostile=0.0,1.592,4.400,0.0,2
hostile=0.0,1.837,4.400,0.0,2
hostile=0.0,2.082,4.400,0.0,2
hostile=0.0,2.327,4.400,0.0,2
hostile=0.0,2.571,4.400,0.0,2
hostile=0.0,2.816,4.400,0.0,2
hostile=0.0,3.061,4.400,0.0,2
hostile=0.0,3.306,4.400,0.0,2
hostile=0.0,3.551,4.400,0.0,2
hostile=0.0,3.796,4.400,0.0,2
hostile=0.0,4.041,4.400,0.0,2
hostile=0.0,4.286,4.400,0.0,2
hostile=0.0,4.531,4.400,0.0,2
hostile=0.0,4.776,4.400,0.0,2
hostile=0.0,5.020,4.400,0.0,2
hostile=0.0,5.265,4.400,0.0,2
hostile=0.0,5.510,4.400,0.0,2
hostile=0.0,5.755,4.400,0.0,2
hostile=0.0,6.000,4.400,0.0,2
difficulty_rate=0.0
max_difficulty_scale=1.0
win_time=999999.0
